  1   2   4   8  16  32  64 128
  0   3   5   9  17  33  65 129
  3   0   6  10  18  34  66 130
  2   1   7  11  19  35  67 131
  5   6   0  12  20  36  68 132
  4   7   1  13  21  37  69 133
  7   4   2  14  22  38  70 134
  6   5   3  15  23  39  71 135
  9  10  12   0  24  40  72 136
  8  11  13   1  25  41  73 137
 11   8  14   2  26  42  74 138
 10   9  15   3  27  43  75 139
 13  14   8   4  28  44  76 140
 12  15   9   5  29  45  77 141
 15  12  10   6  30  46  78 142
 14  13  11   7  31  47  79 143
 17  18  20  24   0  48  80 144
 16  19  21  25   1  49  81 145
 19  16  22  26   2  50  82 146
 18  17  23  27   3  51  83 147
 21  22  16  28   4  52  84 148
 20  23  17  29   5  53  85 149
 23  20  18  30   6  54  86 150
 22  21  19  31   7  55  87 151
 25  26  28  16   8  56  88 152
 24  27  29  17   9  57  89 153
 27  24  30  18  10  58  90 154
 26  25  31  19  11  59  91 155
 29  30  24  20  12  60  92 156
 28  31  25  21  13  61  93 157
 31  28  26  22  14  62  94 158
 30  29  27  23  15  63  95 159
 33  34  36  40  48   0  96 160
 32  35  37  41  49   1  97 161
 35  32  38  42  50   2  98 162
 34  33  39  43  51   3  99 163
 37  38  32  44  52   4 100 164
 36  39  33  45  53   5 101 165
 39  36  34  46  54   6 102 166
 38  37  35  47  55   7 103 167
 41  42  44  32  56   8 104 168
 40  43  45  33  57   9 105 169
 43  40  46  34  58  10 106 170
 42  41  47  35  59  11 107 171
 45  46  40  36  60  12 108 172
 44  47  41  37  61  13 109 173
 47  44  42  38  62  14 110 174
 46  45  43  39  63  15 111 175
 49  50  52  56  32  16 112 176
 48  51  53  57  33  17 113 177
 51  48  54  58  34  18 114 178
 50  49  55  59  35  19 115 179
 53  54  48  60  36  20 116 180
 52  55  49  61  37  21 117 181
 55  52  50  62  38  22 118 182
 54  53  51  63  39  23 119 183
 57  58  60  48  40  24 120 184
 56  59  61  49  41  25 121 185
 59  56  62  50  42  26 122 186
 58  57  63  51  43  27 123 187
 61  62  56  52  44  28 124 188
 60  63  57  53  45  29 125 189
 63  60  58  54  46  30 126 190
 62  61  59  55  47  31 127 191
 65  66  68  72  80  96   0 192
 64  67  69  73  81  97   1 193
 67  64  70  74  82  98   2 194
 66  65  71  75  83  99   3 195
 69  70  64  76  84 100   4 196
 68  71  65  77  85 101   5 197
 71  68  66  78  86 102   6 198
 70  69  67  79  87 103   7 199
 73  74  76  64  88 104   8 200
 72  75  77  65  89 105   9 201
 75  72  78  66  90 106  10 202
 74  73  79  67  91 107  11 203
 77  78  72  68  92 108  12 204
 76  79  73  69  93 109  13 205
 79  76  74  70  94 110  14 206
 78  77  75  71  95 111  15 207
 81  82  84  88  64 112  16 208
 80  83  85  89  65 113  17 209
 83  80  86  90  66 114  18 210
 82  81  87  91  67 115  19 211
 85  86  80  92  68 116  20 212
 84  87  81  93  69 117  21 213
 87  84  82  94  70 118  22 214
 86  85  83  95  71 119  23 215
 89  90  92  80  72 120  24 216
 88  91  93  81  73 121  25 217
 91  88  94  82  74 122  26 218
 90  89  95  83  75 123  27 219
 93  94  88  84  76 124  28 220
 92  95  89  85  77 125  29 221
 95  92  90  86  78 126  30 222
 94  93  91  87  79 127  31 223
 97  98 100 104 112  64  32 224
 96  99 101 105 113  65  33 225
 99  96 102 106 114  66  34 226
 98  97 103 107 115  67  35 227
101 102  96 108 116  68  36 228
100 103  97 109 117  69  37 229
103 100  98 110 118  70  38 230
102 101  99 111 119  71  39 231
105 106 108  96 120  72  40 232
104 107 109  97 121  73  41 233
107 104 110  98 122  74  42 234
106 105 111  99 123  75  43 235
109 110 104 100 124  76  44 236
108 111 105 101 125  77  45 237
111 108 106 102 126  78  46 238
110 109 107 103 127  79  47 239
113 114 116 120  96  80  48 240
112 115 117 121  97  81  49 241
115 112 118 122  98  82  50 242
114 113 119 123  99  83  51 243
117 118 112 124 100  84  52 244
116 119 113 125 101  85  53 245
119 116 114 126 102  86  54 246
118 117 115 127 103  87  55 247
121 122 124 112 104  88  56 248
120 123 125 113 105  89  57 249
123 120 126 114 106  90  58 250
122 121 127 115 107  91  59 251
125 126 120 116 108  92  60 252
124 127 121 117 109  93  61 253
127 124 122 118 110  94  62 254
126 125 123 119 111  95  63 255
129 130 132 136 144 160 192   0
128 131 133 137 145 161 193   1
131 128 134 138 146 162 194   2
130 129 135 139 147 163 195   3
133 134 128 140 148 164 196   4
132 135 129 141 149 165 197   5
135 132 130 142 150 166 198   6
134 133 131 143 151 167 199   7
137 138 140 128 152 168 200   8
136 139 141 129 153 169 201   9
139 136 142 130 154 170 202  10
138 137 143 131 155 171 203  11
141 142 136 132 156 172 204  12
140 143 137 133 157 173 205  13
143 140 138 134 158 174 206  14
142 141 139 135 159 175 207  15
145 146 148 152 128 176 208  16
144 147 149 153 129 177 209  17
147 144 150 154 130 178 210  18
146 145 151 155 131 179 211  19
149 150 144 156 132 180 212  20
148 151 145 157 133 181 213  21
151 148 146 158 134 182 214  22
150 149 147 159 135 183 215  23
153 154 156 144 136 184 216  24
152 155 157 145 137 185 217  25
155 152 158 146 138 186 218  26
154 153 159 147 139 187 219  27
157 158 152 148 140 188 220  28
156 159 153 149 141 189 221  29
159 156 154 150 142 190 222  30
158 157 155 151 143 191 223  31
161 162 164 168 176 128 224  32
160 163 165 169 177 129 225  33
163 160 166 170 178 130 226  34
162 161 167 171 179 131 227  35
165 166 160 172 180 132 228  36
164 167 161 173 181 133 229  37
167 164 162 174 182 134 230  38
166 165 163 175 183 135 231  39
169 170 172 160 184 136 232  40
168 171 173 161 185 137 233  41
171 168 174 162 186 138 234  42
170 169 175 163 187 139 235  43
173 174 168 164 188 140 236  44
172 175 169 165 189 141 237  45
175 172 170 166 190 142 238  46
174 173 171 167 191 143 239  47
177 178 180 184 160 144 240  48
176 179 181 185 161 145 241  49
179 176 182 186 162 146 242  50
178 177 183 187 163 147 243  51
181 182 176 188 164 148 244  52
180 183 177 189 165 149 245  53
183 180 178 190 166 150 246  54
182 181 179 191 167 151 247  55
185 186 188 176 168 152 248  56
184 187 189 177 169 153 249  57
187 184 190 178 170 154 250  58
186 185 191 179 171 155 251  59
189 190 184 180 172 156 252  60
188 191 185 181 173 157 253  61
191 188 186 182 174 158 254  62
190 189 187 183 175 159 255  63
193 194 196 200 208 224 128  64
192 195 197 201 209 225 129  65
195 192 198 202 210 226 130  66
194 193 199 203 211 227 131  67
197 198 192 204 212 228 132  68
196 199 193 205 213 229 133  69
199 196 194 206 214 230 134  70
198 197 195 207 215 231 135  71
201 202 204 192 216 232 136  72
200 203 205 193 217 233 137  73
203 200 206 194 218 234 138  74
202 201 207 195 219 235 139  75
205 206 200 196 220 236 140  76
204 207 201 197 221 237 141  77
207 204 202 198 222 238 142  78
206 205 203 199 223 239 143  79
209 210 212 216 192 240 144  80
208 211 213 217 193 241 145  81
211 208 214 218 194 242 146  82
210 209 215 219 195 243 147  83
213 214 208 220 196 244 148  84
212 215 209 221 197 245 149  85
215 212 210 222 198 246 150  86
214 213 211 223 199 247 151  87
217 218 220 208 200 248 152  88
216 219 221 209 201 249 153  89
219 216 222 210 202 250 154  90
218 217 223 211 203 251 155  91
221 222 216 212 204 252 156  92
220 223 217 213 205 253 157  93
223 220 218 214 206 254 158  94
222 221 219 215 207 255 159  95
225 226 228 232 240 192 160  96
224 227 229 233 241 193 161  97
227 224 230 234 242 194 162  98
226 225 231 235 243 195 163  99
229 230 224 236 244 196 164 100
228 231 225 237 245 197 165 101
231 228 226 238 246 198 166 102
230 229 227 239 247 199 167 103
233 234 236 224 248 200 168 104
232 235 237 225 249 201 169 105
235 232 238 226 250 202 170 106
234 233 239 227 251 203 171 107
237 238 232 228 252 204 172 108
236 239 233 229 253 205 173 109
239 236 234 230 254 206 174 110
238 237 235 231 255 207 175 111
241 242 244 248 224 208 176 112
240 243 245 249 225 209 177 113
243 240 246 250 226 210 178 114
242 241 247 251 227 211 179 115
245 246 240 252 228 212 180 116
244 247 241 253 229 213 181 117
247 244 242 254 230 214 182 118
246 245 243 255 231 215 183 119
249 250 252 240 232 216 184 120
248 251 253 241 233 217 185 121
251 248 254 242 234 218 186 122
250 249 255 243 235 219 187 123
253 254 248 244 236 220 188 124
252 255 249 245 237 221 189 125
255 252 250 246 238 222 190 126
254 253 251 247 239 223 191 127