1             3.69386747245992E-02        4.00592974162268E-03        2.45464279262707E-03 
2             4.78331962328596E-02        8.47152989876989E-03        7.39975575963259E-03 
3             3.18463539062941E-03        1.76689488565175E-03        1.09396208437533E-03 
4             2.07670973173131E-02        6.57113421364014E-03        3.93983826785163E-03 
5             0.051308971677865           2.18553030415624E-03        1.97312340779801E-03 
6             5.61286415185041E-02        4.82063342640725E-03        4.69790383482979E-03 
7             5.33289457036152E-03        2.45427229992018E-03        2.17269887660796E-03 
8             1.00533061781744E-03        8.56457879259929E-04        7.16486841471462E-04 
9             1.72814363273471E-02        2.65732322425484E-03        5.32157508779911E-04 
10            5.25220718543941E-03        3.24682147556562E-03        1.93649755010058E-03 
11            1.52826261501451E-03        1.18429079049567E-03        1.00266936109192E-03 
12            5.43469735812926E-03        1.41407886380717E-03        8.03341053370298E-04 
13            2.40044542389115E-02        3.14812802446704E-03        1.68104520246038E-03 
14            1.46887249149496E-02        2.91262199067246E-03        1.61539280577862E-03 
15            4.54347497845456E-03        3.09342196985748E-03        1.39273912607362E-03 
16            0.015798117796383           8.41084125929353E-03        2.15752233053342E-03 
17            1.46016454760266E-02        9.70768698806914E-03        2.04993131008573E-03 
18            7.63536602225755E-03        5.83128184013087E-03        3.50527951960719E-03 
19            5.35061322051394E-03        7.60900050028837E-04        6.27858236229912E-04 
20            1.63652425015567E-02        1.44411285154647E-02        3.50469858592505E-03 
21            1.34842801059323E-02        1.33474279388416E-02        5.26070229284468E-03 
22            4.42314501491492E-02        4.23420748612377E-03        3.48453782212053E-03 
23            6.70847766197416E-03        3.6504245878762E-03         3.2127770493575E-03 
24            1.85190397645945E-03        5.64618190529671E-04        4.55793817106262E-04 
25            4.54165656512878E-03        1.08464972812927E-03        6.88853620606572E-04 
26            4.73379953382259E-03        2.32050954305254E-03        1.5260318535054E-03 
27            6.0406326124847E-04         4.83396476654561E-04        3.56294096320694E-04 
28            4.28274297699792E-03        7.8579353409464E-04         4.72245245502473E-04 
29            6.30850266849445E-03        0.002461174143931           2.11465912942468E-03 
30            1.15752597293125E-02        2.7358927674286E-03         2.62513799148485E-03 
31            5.71543277268178E-03        1.63935111159481E-03        8.40776028908501E-04 
32            4.66599949893876E-02        9.37385137349661E-03        4.28046444371966E-03 
33            2.26881409187894E-02        1.32809538593097E-02        1.30565028631306E-02 
34            5.73091543659311E-02        2.46694203196932E-02        5.25277382048597E-03 
35            1.68277829681531E-02        5.91893044888767E-03        4.29515039027119E-03 
36            4.23012363104914E-03        2.95954410985646E-03        1.40366740694889E-03 
37            3.14969747671255E-02        1.35928141824428E-02        5.11758886384796E-03 
38            1.36804763375436E-02        4.54247714256167E-03        3.18044765052656E-03 
39            2.33612907038865E-02        6.6016028019785E-03         5.96277384262197E-03 
40            7.75100699541842E-03        4.63390339769957E-03        9.54176167979766E-04 
41            0.014377565337248           4.57821205769134E-03        2.16890389831467E-03 
42            1.52946289763472E-02        3.89003051847046E-03        2.43506958862347E-03 
43            6.40765792555297E-03        2.75503904213711E-03        1.78518037113578E-03 
44            1.0649135759659E-03         8.40079263969367E-04        6.45492573874357E-04 
45            6.35927938819396E-03        2.83848736506175E-03        2.79236773558826E-03 
46            8.48166706355054E-03        3.32016118790771E-03        1.5777794337512E-03 
47            4.62026411353151E-03        2.6056618906429E-03         2.59978244907455E-03 
48            1.03576476133567E-02        3.44522300668285E-03        2.51831003103664E-03 
49            5.4209374536427E-03         4.39828802087822E-03        2.89829983371939E-03 
50            2.22344790077559E-02        4.19969019228753E-03        3.47149462211926E-03 
51            6.08436208967342E-03        2.41595235521353E-03        1.73099076542747E-03 
52            5.9396022073163E-03         1.14820585405606E-03        9.18622600622089E-04 
53            7.58269673299729E-03        3.57226636726808E-03        3.10277980260031E-03 
54            1.23301747670331E-02        7.63176986892854E-03        4.17483982540781E-03 
55            5.20230838292837E-03        4.69768949298282E-03        4.15102046407165E-03 
56            2.41784380624632E-03        1.89143797586068E-03        1.72057881972483E-03 
57            5.86854553178411E-03        1.37321257565502E-03        1.24847288168442E-03 
58            0.013785005991184           3.02965472147843E-03        2.53399852601977E-03 
59            0.00291864261161            2.61543810834128E-03        2.38509471419494E-03 
60            1.68598151113048E-03        5.41134022022689E-04        4.90631401384033E-04 
61            2.74439102403888E-03        2.15238092554337E-03        2.09635562458908E-03 
62            7.96702505374203E-03        7.64450262030455E-03        1.46255965363223E-03 
63            6.4728446866529E-03         3.15928397319665E-03        2.62459776581391E-03 
64            7.08361675153052E-03        1.48330964402654E-03        1.21919193293504E-03 
65            3.75678132365225E-02        1.01553033958882E-03        9.04452174545884E-04 
66            2.89114998142468E-02        8.87605430961896E-03        2.81808752623544E-03 
67            3.95108291548465E-03        0.001272500018484           1.07594456570069E-03 
68            7.90884183303682E-03        1.43741494164854E-03        1.22140389779933E-03 
69            5.21828647000267E-02        4.99407088666852E-03        3.52239773892013E-03 
70            2.13757628854078E-02        4.6082194243479E-03         1.8476379697239E-03 
71            9.5202234702108E-03         5.48817783836923E-03        4.90728727668609E-03 
72            6.8010207946718E-03         3.82017667308694E-04        2.72863415530192E-04 
73            1.75757732849111E-02        1.56582212544578E-03        1.14933617407152E-03 
74            8.52195030473829E-03        1.96245465242865E-03        1.38421049485778E-03 
75            2.24214231115898E-03        1.53861232011456E-03        1.44016418067931E-03 
76            2.25993339275311E-03        2.06972410053831E-03        1.38007027365101E-03 
77            0.024413297456271           9.26306297123978E-03        4.5700588843929E-03 
78            5.5939836129373E-03         2.72168241591717E-03        2.22066178796542E-03 
79            0.009102095683754           8.11096048412341E-03        4.49064392723664E-03 
80            0.071675368034061           4.62351864030309E-03        1.85932041391087E-03 
81            1.02756139120678E-02        9.87302805109931E-03        7.98449061939454E-03 
82            8.98120948165064E-02        1.38442694270792E-02        3.7399642772049E-03 
83            1.28757540600264E-02        0.010004885994571           2.81448616888893E-03 
84            1.45444408660387E-02        6.23246053728465E-03        4.75095980543972E-03 
85            0.014961465612241           1.37139440011168E-02        8.45574693995926E-03 
86            3.48838439260166E-02        1.82247644894267E-02        1.68448935318388E-02 
87            1.87473146250019E-02        1.19758989502359E-02        9.73344426096683E-03 
88            6.88159291452462E-02        1.78514430686905E-03        1.28666533607742E-03 
89            1.49878791763405E-02        9.86567545158231E-03        4.61900993728831E-03 
90            8.62291038441795E-02        1.51339149291332E-02        6.05893974290157E-03 
91            1.87804118769273E-02        1.23620848192272E-02        3.17496850810815E-03 
92            1.39642005272845E-02        6.99845098070096E-03        2.32517980136385E-03 
93            2.80845265636052E-02        6.41594891584662E-03        3.95594819432331E-03 
94            5.13860107709446E-02        1.74977002029092E-02        5.6166336441798E-03 
95            3.51910347039367E-02        2.55995441448576E-02        1.13641758115084E-02 
96            1.14361815142778E-02        9.24836228347812E-03        1.52007017252666E-03 
97            9.95249539926099E-03        4.33982948217499E-03        3.20009757220098E-03 
98            3.46389899963874E-02        1.15885667989374E-02        5.24048857226836E-03 
99            7.03461773058658E-03        2.87466995236531E-03        1.6613746324051E-03 
100           2.62061763041226E-03        0.001876687375722           1.02398493507658E-03 
101           1.38243266270919E-02        6.02815898725644E-03        5.62203583579719E-03 
102           5.52112760976655E-03        2.41227429728189E-03        2.35156413077904E-03 
103           9.77130421108078E-03        4.16986177836101E-03        4.12419626510998E-03 
104           8.87940531127732E-03        1.89974137241556E-03        1.31645327408765E-03 
105           4.65618804201454E-03        3.08854508527106E-03        2.20258787748819E-03 
106           1.11262489974472E-02        5.63089450158422E-03        2.41268058364735E-03 
107           3.99197242729659E-03        2.75993067782756E-03        1.98284497641284E-03 
108           1.89929961958204E-03        1.80181823990205E-03        7.43873531997689E-04 
109           7.78488960509034E-03        6.46759046326695E-03        6.06898853314912E-03 
110           3.55342585769775E-03        2.25775011754794E-03        2.09904011925316E-03 
111           7.64960902165931E-03        5.9635263330913E-03         5.54497465011634E-03 
112           9.35792821142389E-02        1.28875062878318E-02        3.05067666399908E-03 
113           1.53014780557165E-02        1.34158302852025E-02        5.97080336330988E-03 
114           0.117258572765342           5.63177499989986E-02        2.23368550686235E-02 
115           1.91733638115893E-02        1.68105704186155E-02        1.32850916916294E-02 
116           1.89892060875099E-02        6.20284840097447E-03        5.25939999011659E-03 
117           2.86721531353522E-02        8.69732075160304E-03        8.50904204045621E-03 
118           4.55443119658868E-02        2.37942325850516E-02        1.94331380808414E-02 
119           3.59273542937461E-02        2.48814468890533E-02        1.86531738387436E-02 
120           8.98460018283578E-02        1.65696227198508E-02        3.4884851574999E-03 
121           2.87227720903624E-02        1.28806150795405E-02        1.28755273740928E-02 
122           0.112580623670574           6.15639591510648E-02        4.85902213111879E-02 
123           3.59907818683006E-02        0.029062041444282           1.71783297272827E-02 
124           1.82316449358386E-02        9.13717064607357E-03        7.57635555695395E-03 
125           5.38211875250196E-02        1.31675702229026E-02        1.21450448482235E-02 
126           0.067089524600495           4.22736538880693E-02        2.63884272144533E-02 
127           6.74400999322709E-02        4.90589697052609E-02        4.05868157767407E-02 
128           7.49046409421107E-03        5.49313073458999E-03        3.58896830693253E-03 
129           8.38554406982235E-03        3.31715736760251E-03        1.70623174327781E-03 
130           0.13026222034656            1.04536012279206E-02        4.61752549478494E-03 
131           1.35856897792729E-02        6.30514078264873E-03        2.9752613696586E-03 
132           3.28069161316221E-03        1.6463064713774E-03         1.4793658658097E-03 
133           1.16477823416734E-02        3.03222804570655E-03        1.9234749062691E-03 
134           1.03249321570169E-02        5.62265274392689E-03        2.37753030751307E-03 
135           9.26875742454667E-03        8.75803789779141E-03        2.45373383054658E-03 
136           8.03700423015085E-04        7.28435709566669E-04        5.95327199852864E-04 
137           3.92310354914527E-03        1.84711569886731E-03        2.68046259398797E-04 
138           8.84193839811877E-03        2.48783632475344E-03        1.12163460411002E-03 
139           3.57801221310403E-03        1.11777727625071E-03        8.23205130328827E-04 
140           8.86999117989736E-04        2.49967552523357E-04        1.58730748481154E-04 
141           5.44931323046026E-03        5.95430140740825E-04        4.20967113552457E-04 
142           3.58625153213892E-03        3.02938007675633E-03        9.64919040089842E-04 
143           4.96997095566223E-03        1.43773471499657E-03        1.27330405401303E-03 
144           0.021918477067314           3.4641638568616E-03         2.25306638423379E-03 
145           2.02584786134848E-02        4.0568715810265E-03         2.84083989762295E-03 
146           1.18312056435634E-02        9.54578679912018E-03        6.49456884690687E-03 
147           2.28257751442032E-02        6.00270255638231E-03        5.58318927841434E-03 
148           0.020035775670999           4.21823126633379E-03        3.31937518448948E-03 
149           1.85183638301587E-02        1.01499092026555E-02        5.97686732488335E-03 
150           0.014406582259454           9.48930211665074E-03        5.93671441368698E-03 
151           1.55727516435451E-02        8.28603570190103E-03        7.05933504838385E-03 
152           1.8664266581163E-03         2.97952145222793E-04        2.42996967615576E-04 
153           1.32906241673988E-03        1.03101320122682E-03        7.53944240697911E-04 
154           6.37443219294143E-03        2.04570009575745E-03        9.08103002742876E-04 
155           1.65273394377736E-03        1.27143072039621E-03        1.17023685935062E-03 
156           2.27270406680986E-03        4.64629417794368E-04        3.62334994438574E-04 
157           4.74854738060362E-03        1.47271786958266E-03        1.43210950408092E-03 
158           7.7619969182839E-03         5.18105178406911E-03        3.29600463588905E-03 
159           5.02979339318611E-03        3.03617769775929E-03        2.1573829448177E-03 
160           6.58134312598157E-03        5.33035373260672E-03        2.97536746763467E-03 
161           2.54251491200308E-02        9.23164263404288E-03        2.22150510198108E-03 
162           0.156067716184971           1.43046683025216E-02        9.14276787413785E-03 
163           2.96179784967408E-02        1.88578206057632E-02        1.54487443678711E-02 
164           1.05274429802073E-03        4.36765063605042E-04        3.96082726324456E-04 
165           3.52966460826594E-02        8.1986186567462E-03         3.08573989753545E-03 
166           1.23703458433166E-02        5.03793963718616E-03        3.42441566564177E-03 
167           4.11173745747597E-02        2.61795050510642E-02        1.55930538535397E-02 
168           3.22104425792072E-03        1.98664286735745E-03        5.71928187070132E-04 
169           9.99390153351339E-03        1.90549556311511E-03        1.50911349201539E-03 
170           1.05935637268526E-02        6.63132736135852E-03        4.71618894452877E-03 
171           1.46328723451307E-02        6.3703922931897E-03         4.45398792259431E-03 
172           1.85488169104526E-04        1.46359840949131E-04        1.12955756412993E-04 
173           4.47350477394078E-03        2.90894244065633E-03        2.30258755146157E-03 
174           4.29670346100363E-03        3.67741650338864E-03        1.45785452843278E-03 
175           8.84867428830289E-03        5.45793949567173E-03        5.11823938562297E-03 
176           2.32932531704807E-03        1.28691327028742E-03        1.21446705669748E-03 
177           3.76811468842262E-03        2.81729431400154E-03        2.09538275776347E-03 
178           0.011436847467852           9.45378209313595E-03        7.78117100603587E-03 
179           2.59559559308718E-02        2.06446373810894E-02        7.19186387743428E-03 
180           1.17637317287337E-03        5.2888522817393E-04         3.65284148277457E-04 
181           1.00616103246363E-02        2.68892315177741E-03        2.23258036654628E-03 
182           1.13691738802282E-02        7.11280319845977E-03        5.24261469752203E-03 
183           1.78993605451709E-02        1.77082991849642E-02        0.014084685220926 
184           0.002227289734221           1.31474588667164E-03        3.89005994933943E-04 
185           4.0792488028308E-03         2.26839921351261E-03        1.48295121388758E-03 
186           6.9007365693956E-03         3.39620874965595E-03        2.45923373511859E-03 
187           7.48276264417052E-03        5.76851639176776E-03        3.33815792029285E-03 
188           3.37013009696076E-04        2.04609675677151E-04        2.01917745721522E-04 
189           2.32359083295201E-03        2.26388337344022E-03        1.55662074016625E-03 
190           3.94895740011354E-03        3.82681794503267E-03        3.56601148710468E-03 
191           5.17153593006247E-03        4.49435753541593E-03        4.20943785257619E-03 
192           4.94416697839885E-03        3.52597394572755E-03        3.32017637791957E-03 
193           8.52836643031819E-03        1.28190124885967E-03        9.70807986090616E-04 
194           7.87335251656422E-02        0.016885880308949           7.29014194150838E-03 
195           1.40993865726538E-02        4.58999141073261E-03        4.37809466199435E-03 
196           6.02039643504378E-03        9.60135822636687E-04        8.09925912681689E-04 
197           1.18461670564549E-02        2.80708092035095E-03        2.04569294819875E-03 
198           2.05615413190383E-02        1.25493791629572E-02        8.87703598032637E-03 
199           1.95844892597369E-02        9.58706168977298E-03        5.33110342156989E-03 
200           2.66382464339377E-03        1.09421371800897E-03        3.78324589248282E-04 
201           3.98992174301476E-03        8.22046136030132E-04        6.90664403534264E-04 
202           9.09779631005563E-03        5.34427386182448E-03        4.68924292356894E-03 
203           8.00105486828442E-03        2.80754536174008E-03        2.35883547272671E-03 
204           3.2436769342008E-03         3.41387907789303E-04        2.2203899544439E-04 
205           5.54212578647036E-03        3.53323533681287E-03        1.16626716078238E-03 
206           1.10781736763978E-02        5.70998184767846E-03        5.23992224464812E-03 
207           1.20671067559662E-02        1.11137156447927E-02        5.50949490861226E-03 
208           1.26681393147948E-02        1.15318234297497E-02        6.41471905665775E-03 
209           5.92889954998771E-03        4.56620084810959E-03        3.95302914680202E-03 
210           4.59947289528793E-02        4.32656674301868E-02        2.05821481143767E-02 
211           1.19469504799024E-02        1.12177265358997E-02        8.07222639040476E-03 
212           1.54256968064876E-02        5.8637227220197E-03         4.29025966365344E-03 
213           1.63143738047966E-02        9.82033536510501E-03        6.35003779648988E-03 
214           5.26835908039741E-02        3.06086523402606E-02        2.98842539041201E-02 
215           3.35395250906234E-02        0.016767666738755           1.66650360014291E-02 
216           1.10717693654538E-02        6.82535639272122E-03        4.1355844610692E-03 
217           6.36124840477647E-03        3.79532619741317E-03        2.87585893334181E-03 
218           5.02793100660043E-02        3.70047029461607E-02        2.33107319427012E-02 
219           1.62750126840396E-02        0.013663504777955           1.22853038258455E-02 
220           8.31107676463414E-03        6.89687227780887E-03        4.11910317138485E-03 
221           1.23607252216314E-02        1.19198085132453E-02        7.9459402203535E-03 
222           0.061712367937456           3.09281140797631E-02        2.83849328105719E-02 
223           5.71154880938947E-02        4.22157531587287E-02        2.71416736517384E-02 
224           3.97791733669677E-03        2.50914871846301E-03        1.48796558417035E-03 
225           2.25934171697907E-03        1.9140442043504E-03         1.05858572574674E-03 
226           9.43309689263882E-02        1.71133158588105E-02        1.42712123787044E-02 
227           2.51029393449767E-02        1.98228013219828E-02        1.26130065459376E-02 
228           8.10596402009297E-04        4.95556606326044E-04        3.68589509912771E-04 
229           9.00676649073465E-03        3.13829613626875E-03        1.47040870675948E-03 
230           1.50354654155464E-02        1.06356151759866E-02        3.85631187715869E-03 
231           3.48687684713214E-02        2.75191484512253E-02        1.98582722946215E-02 
232           1.42860423349583E-03        1.28133573867157E-03        3.42121296211362E-04 
233           1.93795010271732E-03        1.05701328796431E-03        1.04438152866759E-03 
234           1.87074852686731E-02        6.40299707822389E-03        5.61820221437969E-03 
235           1.42453002490143E-02        8.84445091275805E-03        5.25447081234264E-03 
236           2.92807005880162E-04        2.89893869609133E-04        2.33238281216457E-04 
237           4.9144635920976E-03         2.95848776076534E-03        1.75171052717712E-03 
238           6.84115393115085E-03        5.22240340787902E-03        3.79614440486438E-03 
239           1.97871679232948E-02        1.53345778946915E-02        1.29189243709404E-02 
240           1.50559360575772E-02        4.3004131052366E-03         3.42174793435466E-03 
241           6.64147906374207E-03        6.49434798128755E-03        5.16107092595724E-03 
242           0.187104105426707           2.71186172112473E-02        2.46595606151437E-02 
243           4.69201295248223E-02        4.34716402586284E-02        3.56719119797324E-02 
244           5.60135875365399E-03        4.46615706331813E-03        3.05516633787258E-03 
245           1.24387254845503E-02        1.21692126182658E-02        8.11219708609321E-03 
246           4.62594194361909E-02        4.52254456975932E-02        3.99626260797626E-02 
247           6.68426000267917E-02        5.21050215618686E-02        0.048027768417585 
248           1.44552899743916E-02        5.39941496286007E-03        4.12885154950284E-03 
249           1.24613026338622E-02        1.21906966283129E-02        7.06651519407334E-03 
250           0.204533552986246           0.060227894445415           4.83133033950988E-02 
251           7.39270924126024E-02        5.68507621436621E-02        5.06879194910629E-02 
252           9.00454959251596E-03        5.37789700742556E-03        2.93328260461907E-03 
253           2.28431213821874E-02        1.52276008644648E-02        1.37249432714113E-02 
254           0.100441454979194           8.05716062558371E-02        7.59083226821232E-02 
255           0.138525769857439           0.121401975679202           0.109456128759326 
256           1.87635015103413E-02        7.21335556147627E-03        6.19379727778297E-03 
257           1.96266225186492E-02        9.20881327415823E-03        5.25044443849268E-03 
258           2.84554434975764E-02        0.012454754454544           1.47456765176887E-03 
259           1.77585814794596E-03        1.59494916125973E-03        1.01859713062967E-03 
260           2.27854147338091E-02        1.24359040131784E-02        3.76415655830047E-03 
261           2.72619910283597E-02        1.58760949708789E-02        5.3387712374671E-03 
262           4.58178937616314E-02        1.57800230568103E-02        6.74057217119856E-03 
263           8.39190859882609E-03        5.86741484888444E-03        4.81945388112657E-03 
264           3.1169319992057E-03         2.07553959779902E-03        0.002047541853035 
265           9.18214391571117E-03        2.61396106637566E-03        2.47425559810616E-03 
266           1.76419001749067E-02        4.17358445746917E-03        1.07635259818368E-03 
267           2.44691650956321E-03        1.77559123615838E-03        1.1027029348269E-03 
268           7.63538559809336E-03        3.52998458627173E-03        1.24794599247656E-03 
269           1.27542843815011E-02        5.11510752931272E-03        4.72211268463934E-03 
270           1.53535623665187E-02        9.78335099748784E-03        5.58018231939899E-03 
271           8.05383578045155E-03        6.64062120189452E-03        5.02622062583943E-03 
272           2.51485323612491E-02        0.014476710271833           4.16514696756835E-03 
273           2.32439052875916E-02        1.84814571500361E-02        5.15798440156689E-03 
274           2.56468110277475E-02        7.32154612338479E-03        2.83453263416687E-03 
275           2.61985925322297E-03        2.4879214033492E-03         1.74187077201843E-03 
276           2.49580071067873E-02        0.02298838333053            0.013394440293696 
277           3.18622345984122E-02        2.12473553992774E-02        1.56190585225688E-02 
278           2.69341177039214E-02        1.42224903079083E-02        0.012396838020956 
279           8.56261109062149E-03        8.43510691825979E-03        7.60013769649869E-03 
280           4.10927617850205E-03        1.39498782133921E-03        1.22010907173307E-03 
281           5.24604072227758E-03        2.41311794962061E-03        2.39817654818138E-03 
282           1.59005949070783E-02        2.45344789547849E-03        1.7958909431619E-03 
283           3.42805305896318E-03        1.88091127380161E-03        1.62426928529606E-03 
284           7.08443715050052E-03        4.48847289846591E-03        1.72002811518153E-03 
285           1.32085500760198E-02        9.04423167767946E-03        7.3072416663032E-03 
286           1.12662630355688E-02        9.18972668537904E-03        9.02561471083189E-03 
287           9.30330141449486E-03        8.09529383097884E-03        6.08402696924496E-03 
288           0.144664878287443           1.54768187598684E-02        5.12155564046128E-03 
289           4.04804457862465E-02        1.97582294152777E-02        1.51583278272896E-02 
290           8.28633439783908E-02        2.86115607128592E-02        1.62857263506852E-02 
291           8.00615297863989E-03        7.01183163013733E-03        5.51116501910228E-03 
292           2.66822050967486E-02        1.33412102600343E-02        8.82961854499991E-03 
293           3.40634039712392E-02        2.10553918072514E-02        1.68971214109781E-02 
294           4.59520329969476E-02        2.68270804585724E-02        2.49659958872946E-02 
295           1.90292221272055E-02        1.35039523134743E-02        0.012399689704997 
296           2.40312602659378E-02        4.39316125381491E-03        4.31466572007116E-03 
297           1.33870698145117E-02        1.10294654063082E-02        1.07877922633125E-02 
298           5.13738906494371E-02        2.54382435649936E-02        8.17927670475193E-03 
299           1.29068149260994E-02        9.6614510555956E-03         7.11818804759247E-03 
300           7.57385813041435E-03        4.47063553025669E-03        4.38941518871508E-03 
301           1.49845811112725E-02        1.40667362829461E-02        9.66904302630507E-03 
302           2.90314395356733E-02        2.84894937249955E-02        1.41068313484622E-02 
303           2.62199533454073E-02        1.45818717182221E-02        1.29709108706309E-02 
304           3.21129016767205E-02        3.10609146057996E-02        1.36971606542337E-02 
305           3.96534123809147E-02        2.62120708137864E-02        1.30625389671632E-02 
306           7.46844983920926E-02        3.78630989527488E-02        0.015425671017174 
307           1.96929340224791E-02        1.05949397693934E-02        9.82335554755719E-03 
308           5.35493570651328E-02        2.36140563954846E-02        9.60458015247165E-03 
309           6.83629173636787E-02        4.51898998678874E-02        4.44853602193464E-02 
310           5.04057861395261E-02        4.98961326854621E-02        0.041416437832498 
311           6.36990927563346E-02        0.031163602225371           3.03045049211256E-02 
312           8.81677356771041E-03        6.80918713663012E-03        5.33449104733202E-03 
313           1.30306491918458E-02        1.12557908415321E-02        1.00454407690166E-02 
314           4.63031428541431E-02        3.36636908049756E-02        1.66569868375117E-02 
315           0.021649334870738           2.12648734981589E-02        0.013535389015406 
316           1.52002142220112E-02        1.17391139018357E-02        6.85837580350767E-03 
317           3.93470471816261E-02        2.62090486161644E-02        2.24649832657772E-02 
318           5.86138257477822E-02        5.38789673693394E-02        3.12655166001169E-02 
319           6.87837143954654E-02        6.39741792920934E-02        0.049029906613685 
320           6.38728333052413E-03        5.33589172280491E-03        4.59886052633514E-03 
321           1.99609026241896E-02        8.15422157117435E-03        2.71707638464781E-03 
322           6.68608514310566E-03        4.04982661336533E-03        1.54544414899873E-03 
323           2.09932890378539E-03        1.80610469362471E-03        1.37937159380629E-03 
324           1.10117464370654E-02        7.40897617229858E-03        1.97969418674354E-03 
325           2.77263165244833E-02        1.49649697451203E-02        1.40579673214611E-02 
326           1.48982885372342E-02        5.59354161142144E-03        3.79946518872159E-03 
327           1.40387932603683E-02        7.97340575173306E-03        5.0583803805236E-03 
328           5.12302003874961E-03        1.81305771426085E-03        7.63947791222108E-04 
329           9.33853394330328E-03        2.54416227077934E-03        2.40323855254128E-03 
330           6.41934843290087E-03        1.99836254759808E-03        1.35709567544464E-03 
331           2.49995152742992E-03        2.48859257026896E-03        2.42644360126145E-03 
332           3.67196067732146E-03        3.12573136215763E-03        2.48274567847326E-03 
333           1.50507103842157E-02        1.37990592532942E-02        1.32364303161645E-02 
334           4.99241199084468E-03        4.64179598451285E-03        3.82873417932531E-03 
335           1.47891692468183E-02        1.35592698485801E-02        1.34732324766422E-02 
336           5.39910636666371E-02        0.012818839916049           7.36003552113796E-03 
337           1.63649638746024E-02        1.34525746666075E-02        9.31655014461823E-03 
338           6.76529561308666E-02        1.85010543471046E-02        1.04285049632339E-02 
339           1.68566139392706E-02        1.16822489782707E-02        9.97524749728502E-03 
340           2.20998204507834E-02        1.32323059289023E-02        1.09559232736798E-02 
341           4.18595585208151E-02        2.82133770045348E-02        2.52076485357327E-02 
342           4.78105965373192E-02        0.026277034077911           1.65923104602599E-02 
343           3.15861915071477E-02        2.65977953596098E-02        2.49717120543484E-02 
344           5.18371277841803E-02        8.81365257376901E-03        6.32700081323114E-03 
345           2.52521511170742E-02        1.41284559548999E-02        7.59324724080863E-03 
346           6.49539885634876E-02        4.02460562355041E-02        0.016703536688339 
347           3.16419550209409E-02        1.77160147889093E-02        1.20355420649613E-02 
348           2.00666607914145E-02        1.33666529347811E-02        1.05188443450199E-02 
349           4.73178827031885E-02        4.17082667644031E-02        3.70245405679385E-02 
350           7.73066997544141E-02        3.87076595979427E-02        3.50142025648222E-02 
351           7.09508124063431E-02        5.92911989651485E-02        5.22990149881893E-02 
352           3.54567934954214E-02        1.37044161530586E-02        6.96653439745305E-03 
353           2.29102752702681E-02        1.74955204009168E-02        1.32079360069761E-02 
354           1.62476371053722E-02        8.72934545029718E-03        7.94064857806146E-03 
355           7.13125765858334E-03        5.27792258691707E-03        5.09082570800702E-03 
356           2.36265635852296E-02        1.18988289003341E-02        5.08212936616259E-03 
357           0.044579258680472           3.18230894412402E-02        3.01624688415994E-02 
358           1.02193652247216E-02        9.44215733400452E-03        9.36641561998485E-03 
359           1.93533292283089E-02        1.41167277378416E-02        0.014045053057876 
360           8.14769525289942E-03        6.68860935956727E-03        5.88996750815391E-03 
361           1.63046539913203E-02        7.15902503842711E-03        6.56598182867462E-03 
362           1.60260511851995E-02        1.02093879258571E-02        8.38109429318255E-03 
363           9.82600559561565E-03        7.22370402462158E-03        4.87559087385716E-03 
364           6.70650120763625E-03        5.91519328234458E-03        3.86851794701489E-03 
365           3.94300998344982E-02        2.68939403852807E-02        0.02264767472906 
366           1.39427177467829E-02        1.23265792322737E-02        1.01140664495601E-02 
367           3.31040616283456E-02        3.02676625126481E-02        2.88323774637329E-02 
368           7.97624008917829E-02        7.04906736733753E-02        3.63384171228449E-02 
369           5.82511871773661E-02        3.69540546381724E-02        3.53234903803751E-02 
370           0.148370897114355           9.99454775032435E-02        8.83276255327222E-02 
371           7.30425813549599E-02        4.63049080167995E-02        0.043831329265343 
372           8.27342221624727E-02        4.74168939583518E-02        3.27500490167917E-02 
373           0.132624562178032           0.126554509450715           0.124695747424297 
374           0.129083173165758           0.126964026063585           0.111939685085951 
375           0.179441496674023           0.166301166413289           0.158689792217277 
376           0.102551483622103           6.76784973409898E-02        5.51068494047087E-02 
377           8.83373480076697E-02        6.48759048772193E-02        5.51075669339593E-02 
378           0.322756928169937           0.165444884322055           0.128501109353304 
379           0.134854621488896           0.125278786431902           0.110768350675585 
380           0.125465627903117           6.33556660338953E-02        3.54959819476372E-02 
381           0.340913549520329           0.202250881753964           0.201123834057031 
382           0.344401689724434           0.315753745400368           0.280799599245513 
383           0.742504013116519           0.55208262033043            0.434403725525536 
384           5.7131670224066E-03         3.46836044267488E-03        2.71399903069769E-03 
385           5.28047964204996E-03        4.45549033090511E-03        2.02473790556665E-03 
386           1.18455382998145E-02        4.01563095405282E-03        3.87542062642065E-03 
387           3.35011048124938E-03        3.07125758622028E-03        1.44168834794491E-03 
388           7.08990824052223E-03        5.22243094172762E-03        4.22334135067763E-03 
389           6.18881508077418E-03        4.82690951649932E-03        3.77870791356446E-03 
390           1.44240347995837E-02        0.014256692991502           1.30969065819917E-02 
391           5.10907574531787E-03        5.09411113662419E-03        4.65340831679966E-03 
392           1.86868770001808E-03        6.45824772990888E-04        5.54314071956327E-04 
393           2.08446223462833E-03        1.71986468057675E-03        5.24610442176462E-04 
394           6.38215435990984E-03        2.93118786754659E-03        1.85880044073622E-03 
395           1.90110524576147E-03        1.65473611229715E-03        1.49179681497975E-03 
396           2.37582611086567E-03        2.27545728462479E-03        4.198345320623E-04 
397           2.89538307904967E-03        2.43840680557709E-03        1.87739414431564E-03 
398           7.77140002030099E-03        5.57566207881469E-03        5.16136856719427E-03 
399           0.006411889784539           4.90325371852051E-03        3.36960972113405E-03 
400           3.48913419270012E-02        8.88676969723983E-03        3.49412656069914E-03 
401           3.22488420182269E-02        8.43447170058881E-03        6.2915246722439E-03 
402           3.03511046646292E-02        1.03385028004025E-02        8.15869568070567E-03 
403           9.55551610153431E-03        8.34098734154895E-03        7.8692971220116E-03 
404           3.18943281306718E-02        1.08212115080393E-02        7.7063575811948E-03 
405           3.01351448932326E-02        2.94788074163339E-02        2.08005073725981E-02 
406           3.69578299278535E-02        2.27924079405915E-02        1.90175392758991E-02 
407           2.70653734768553E-02        0.018240735314218           1.78213172930232E-02 
408           4.78802520689517E-03        9.20213277852357E-04        4.144243869718E-04 
409           3.94599475728588E-03        1.67919251805408E-03        1.5280954158587E-03 
410           1.63526072062489E-02        6.53903660821643E-03        5.24792333170753E-03 
411           5.21892508102871E-03        4.49396872145538E-03        4.23983002422599E-03 
412           5.83026625363421E-03        2.98596737095757E-03        2.58239886944692E-03 
413           1.40984673350016E-02        6.63794567507568E-03        6.56790474973515E-03 
414           2.40329173476579E-02        1.99121871405837E-02        1.60042501833604E-02 
415           2.24314545233671E-02        1.54204456980819E-02        0.01516935669411 
416           4.41979255981411E-03        2.77038921950581E-03        1.95473821672438E-03 
417           8.59565869086222E-03        5.46552600565878E-03        5.36683078840861E-03 
418           0.044350265492801           3.05150531273768E-02        9.02146879651429E-03 
419           1.24101936885629E-02        1.11319923644458E-02        7.09747442138405E-03 
420           4.15125016007749E-03        2.43302175313695E-03        1.47378207760743E-03 
421           7.58755632318025E-03        0.007418108835414           4.7798410473381E-03 
422           3.25474892895477E-02        0.016922186744436           1.18817432903174E-02 
423           1.95510001394504E-02        1.39312168047343E-02        1.38955408048952E-02 
424           2.99914090772413E-03        1.80360898475953E-03        1.55110099771262E-03 
425           9.30540424684367E-03        7.66662536459188E-03        3.72936698379307E-03 
426           2.22742962508128E-02        1.08778084075852E-02        9.17769635373733E-03 
427           1.36247897411473E-02        1.01610085469647E-02        8.97157849844039E-03 
428           1.39108267532683E-03        1.35490633297339E-03        8.31094359125981E-04 
429           5.69327691228152E-03        4.06070297429107E-03        3.40169000551016E-03 
430           1.55609063952218E-02        1.38562339630555E-02        1.23522577261705E-02 
431           1.35497484760543E-02        1.14850145865996E-02        9.8081301812818E-03 
432           1.23900303276292E-02        5.64127101689432E-03        3.44739819224405E-03 
433           1.81231071396724E-02        1.05905745262817E-02        8.39238392295286E-03 
434           0.031754780236034           1.38164260437883E-02        1.34745359017839E-02 
435           0.01580808668292            0.013807112618074           1.26095717780945E-02 
436           1.32005754872239E-02        1.13257821059341E-02        5.11939118373223E-03 
437           4.46291181655363E-02        2.35835225124604E-02        2.23560783961976E-02 
438           3.12198501769566E-02        2.66176266888183E-02        2.29203113372301E-02 
439           3.69452450830654E-02        3.61843076911895E-02        2.94906424624375E-02 
440           2.28849831506958E-03        2.05819288185988E-03        1.73898962199513E-03 
441           9.08534587286658E-03        6.98262591713651E-03        5.90010648811236E-03 
442           2.31792282780691E-02        1.90419263156871E-02        1.37078785953222E-02 
443           1.62065543943929E-02        0.015048538957438           1.16325180554827E-02 
444           3.84737136787904E-03        3.74704117742835E-03        2.78665107576569E-03 
445           1.97738259635489E-02        1.75269372808333E-02        1.31334590401629E-02 
446           4.66049925988246E-02        3.95022061585847E-02        0.03485973288997 
447           4.87482467378164E-02        0.039288975181861           3.72100506259675E-02 
448           1.26834858561034E-02        1.67203046361064E-03        8.58489644007241E-04 
449           4.53137612208666E-03        3.28851683809804E-03        2.91263355658765E-03 
450           4.33180806801489E-02        1.87017178449786E-02        4.00916972140643E-03 
451           1.12313160062547E-02        9.94755704556518E-03        7.49142713295476E-03 
452           1.54443839307267E-02        2.30537656792659E-03        2.05897189749663E-03 
453           1.25187861778906E-02        6.29422281235946E-03        6.07367535710613E-03 
454           5.27474131919719E-02        2.53126220472461E-02        0.022772646065851 
455           4.27555808948713E-02        1.74013858416506E-02        0.014257374071455 
456           6.8336248219849E-03         8.24240797561798E-04        5.62494388262407E-04 
457           3.66609303305578E-03        2.11996473920468E-03        1.77179133144444E-03 
458           2.33389712209253E-02        0.012029518597412           5.03313085308173E-03 
459           1.25208574549958E-02        6.05122288262463E-03        5.7166644612213E-03 
460           8.32114503746554E-03        2.17103438840971E-03        1.43663261259827E-03 
461           1.57572292900618E-02        4.07920184366171E-03        3.70701121483058E-03 
462           2.84193191188603E-02        2.66902977122733E-02        1.46480645057423E-02 
463           5.38158797519931E-02        2.87437967788278E-02        2.87367624257426E-02 
464           3.24981268885828E-02        1.16741407976219E-02        1.07709089267534E-02 
465           1.40105304261979E-02        1.35570793217917E-02        1.22017837131246E-02 
466           0.110991292022132           9.63767731131319E-02        5.28002787554761E-02 
467           4.23874015998761E-02        4.18702129709424E-02        3.48006876263296E-02 
468           3.95722086491879E-02        2.78201957991798E-02        1.79625356181274E-02 
469           4.84374794526515E-02        4.37959154435623E-02        3.95931344523775E-02 
470           0.160726567421328           0.135151499075653           0.117863342947559 
471           0.149576786359625           0.142858853811628           0.13586316645861 
472           2.17160261523286E-02        1.75093826013901E-02        0.011208410248467 
473           1.34515914736478E-02        1.28255166437388E-02        1.07176742033147E-02 
474           0.19431234073508            7.77438218205511E-02        5.98000310633556E-02 
475           9.11217918738452E-02        8.54603755292935E-02        5.91115551764423E-02 
476           3.62155966500188E-02        2.13207654704584E-02        1.52587006258625E-02 
477           0.055125334981051           0.054718573309024           0.049255492284312 
478           0.324052720641436           0.244334784464278           0.16240406968143 
479           0.48961509373792            0.321840056334777           0.291009637338721 
480           4.12256394814223E-03        1.86586731972644E-03        1.62477472277086E-03 
481           5.20092312435283E-03        2.52156096941545E-03        1.84399730250598E-03 
482           4.42465385784665E-02        2.24066089818599E-02        1.84440131178413E-02 
483           0.018166544002739           1.43731549296464E-02        1.33379448784402E-02 
484           5.01995006304129E-03        3.15959372366691E-03        1.58135556773231E-03 
485           1.01200572495374E-02        7.22424500844321E-03        7.13400557680946E-03 
486           3.66524633029489E-02        2.72840056784847E-02        2.20933554662373E-02 
487           3.60272631723512E-02        3.45627695169171E-02        3.09819122686951E-02 
488           3.27495919916629E-03        1.31088048784209E-03        1.07612788382819E-03 
489           3.79288583464194E-03        3.70136329562472E-03        3.03218991837091E-03 
490           1.44126182250469E-02        1.40918308475265E-02        0.013463106569921 
491           1.50393426653353E-02        1.11647013501726E-02        1.10620619503805E-02 
492           3.98784150958312E-03        3.08240782205992E-03        1.6405198889482E-03 
493           9.71278759489714E-03        9.70244216471002E-03        8.95113286966553E-03 
494           2.95226035337407E-02        2.91594459503009E-02        2.63767440478385E-02 
495           4.37465156976457E-02        4.36601976549725E-02        3.82722468206954E-02 
496           1.52417466248334E-02        1.40624879917649E-02        1.38229156952586E-02 
497           1.86487017210298E-02        1.82921346022423E-02        1.69767039618667E-02 
498           0.142400334785404           0.140940343754601           0.125829419207334 
499           8.85271455989925E-02        7.45462585713411E-02        6.73279245555472E-02 
500           3.06841090721545E-02        2.34518686537353E-02        2.29100015718538E-02 
501           8.95025413932521E-02        8.75484453790069E-02        7.73164455167314E-02 
502           0.237479608860196           0.228559810173019           0.214360507687755 
503           0.467167716429547           0.413999812307378           0.40458910077178 
504           2.83524221653617E-02        2.24761468143091E-02        1.64994804919383E-02 
505           2.97296582348198E-02        2.57450049941065E-02        2.39768632398478E-02 
506           0.316257730460166           0.282237171477807           0.253693998976411 
507           0.214121294990925           0.20907442928659            0.202408529010955 
508           6.58050356761348E-02        4.72830469989873E-02        0.037483244419265 
509           0.216622734346581           0.208275666906546           0.149898506842424 
510           0.888218048256786           0.744574350447123           0.732020874186997 
511           1.93915964517915            1.88596429840832            1.77485008267112 
512           4.24071104600274E-02        4.30419419837054E-03        3.90797507823171E-03 
513           1.33545799297408E-02        1.16663947953648E-02        7.03670035875561E-03 
514           4.88024919659776E-02        4.80867654435427E-03        2.4448709159001E-03 
515           5.95174342261855E-03        3.45337602962904E-03        2.80880178418207E-03 
516           1.91369921427033E-02        6.86142541565272E-03        5.75750256941372E-03 
517           1.03669597642525E-02        5.29286578638541E-03        5.26467620902897E-03 
518           1.85448395399995E-02        6.39894009805325E-03        5.19207551960715E-03 
519           5.20088991929846E-03        2.50400611649832E-03        2.35604560640047E-03 
520           4.65959252376266E-03        4.04873756696268E-04        3.31430617608382E-04 
521           1.44572707295987E-02        2.57439886807994E-03        1.65950514988902E-03 
522           3.31261532691397E-03        2.07664331647198E-03        8.14733455187272E-04 
523           6.44318027422783E-03        2.52786535596568E-03        1.63066738387407E-03 
524           2.39514504408491E-03        1.79561784729352E-03        5.0272673780516E-04 
525           9.81727135841971E-03        2.30972144357117E-03        2.06153059156839E-03 
526           4.85313806330284E-03        2.35352382202495E-03        2.22260140616157E-03 
527           9.64667340977323E-03        3.38863766385999E-03        2.91154149550019E-03 
528           1.21433601631161E-02        8.14692921373463E-03        4.5161562027333E-03 
529           2.18653356548429E-02        7.52992056588367E-03        5.45098968686274E-03 
530           3.57631078553391E-03        1.92664891064732E-03        1.69761626596991E-03 
531           5.80213342284285E-03        2.42934575151228E-03        2.38606870124227E-03 
532           1.78904486187493E-02        7.44714359636385E-03        5.40705757370764E-03 
533           3.22135437646686E-02        8.35451452052632E-03        7.22036826645541E-03 
534           1.46140209961618E-02        5.88105324987642E-03        5.01013424426585E-03 
535           9.02124877621772E-03        3.95847160614787E-03        3.51532375096051E-03 
536           1.90192360415982E-03        4.23026626684984E-04        2.36203787423434E-04 
537           5.90107918495604E-03        1.20563351748783E-03        1.13518147515954E-03 
538           8.47631401431953E-04        5.04199194752575E-04        4.16627502765031E-04 
539           2.62993740051658E-03        1.29266599263453E-03        7.11963054347498E-04 
540           1.41501342542386E-03        4.85110132754052E-04        4.072179172249E-04 
541           3.9085874809876E-03         1.83410886800029E-03        1.60438541679671E-03 
542           3.82445269485366E-03        2.04271911013248E-03        1.42435519491901E-03 
543           4.41933264051112E-03        2.67037243139231E-03        2.36083911374456E-03 
544           2.72992932801627E-02        2.32880338930653E-02        5.76217010488952E-03 
545           7.22555478907501E-02        1.12492936825589E-02        8.7992937105056E-03 
546           5.84704716763001E-02        1.25656444777219E-02        1.03787916413676E-02 
547           3.22021721513497E-02        0.027037799071981           6.09476812043434E-03 
548           1.23193104962023E-02        1.54230719293305E-03        1.53370998367851E-03 
549           7.12489527679221E-03        6.01659164311381E-03        5.32800934765662E-03 
550           7.66659778871174E-03        5.67048050001183E-03        3.34236435406754E-03 
551           9.67883995990815E-03        6.14324612435477E-03        6.08360456731194E-03 
552           2.52109323186064E-02        2.87807090856367E-03        2.04048562260902E-03 
553           7.82217054424666E-02        1.21781516276892E-02        9.59976913026401E-03 
554           1.12357709036723E-02        0.010665712122053           0.003968858409563 
555           3.48611130655192E-02        3.30923984996343E-02        9.4666731316979E-03 
556           2.01293457836492E-03        1.53931241066276E-03        1.4518054713769E-03 
557           1.46550726142208E-02        9.49323005084186E-03        8.25065898675238E-03 
558           5.07721519155583E-03        2.66290835115801E-03        1.97795515309578E-03 
559           1.77164488879388E-02        1.57530248767881E-02        8.10728457580524E-03 
560           9.50556537504455E-03        7.35463548734861E-03        1.78540096893662E-03 
561           2.94928218216701E-02        6.02559816123007E-03        5.8261554164073E-03 
562           4.45620676791103E-03        4.28479305189961E-03        4.23635086216376E-03 
563           1.38262282417663E-02        1.31440830947195E-02        7.82830413876643E-03 
564           3.07805083022795E-03        1.42257404939595E-03        1.35033734117775E-03 
565           9.41329959078023E-03        6.17220486018691E-03        5.54494710146045E-03 
566           7.04611531752197E-03        4.73498522998604E-03        2.63390734334325E-03 
567           1.46911913923305E-02        6.09917616699546E-03        5.22703692714839E-03 
568           1.02904421395444E-02        1.4707046891874E-03         1.17475343790073E-03 
569           3.19280510430834E-02        7.47101675822981E-03        6.52313381850411E-03 
570           5.45408928322488E-03        5.11781366305446E-03        4.58614734735869E-03 
571           1.69223483577691E-02        1.58789893489147E-02        1.42293931214945E-02 
572           1.77040391733141E-03        1.08422968946414E-03        9.71455184340062E-04 
573           1.14053048160031E-02        1.01905588891434E-02        9.04282515491637E-03 
574           7.70653719125059E-03        3.29624543381039E-03        3.04240914248364E-03 
575           2.39109959903949E-02        1.02272277931364E-02        9.9693221188526E-03 
576           5.87912515977414E-03        2.35483794565633E-03        1.24389773625817E-03 
577           1.51840640305297E-02        2.63257602325124E-03        2.05068556287983E-03 
578           2.94973647702821E-02        2.93610094295787E-03        2.25315799132764E-03 
579           1.45284287075147E-02        5.12697464956024E-03        4.03114837236575E-03 
580           4.78277858904184E-03        3.79956724791643E-03        2.61307237754099E-03 
581           1.55737469050068E-02        5.05929899450497E-03        4.46697570680022E-03 
582           7.77755478780033E-03        7.06252782947329E-03        3.73354091997114E-03 
583           1.53031167902086E-02        6.40589631903445E-03        5.78746571012634E-03 
584           1.19130196565461E-03        2.89548925684843E-04        1.04215701335946E-04 
585           4.88293378955613E-03        1.37340064411294E-03        9.59395533854331E-04 
586           2.00222199124031E-03        1.41226038600435E-03        1.1706003201424E-03 
587           4.79808144541058E-03        2.28757748738164E-03        2.2183137231614E-03 
588           7.0474832015027E-03         7.63593574217386E-04        6.8383449693681E-04 
589           2.88863737726123E-02        1.42514882755921E-02        4.2009336004596E-03 
590           6.92501677133056E-03        3.67385140823596E-03        3.2016671239601E-03 
591           2.83844057685175E-02        1.50584605196156E-02        1.40038369084108E-02 
592           1.06682526289152E-02        3.05153071611032E-03        2.38430169760829E-03 
593           3.06436701657572E-03        2.99450371920545E-03        2.67009046174836E-03 
594           1.41248121999276E-02        3.82368999838971E-03        2.16160567879056E-03 
595           5.51874078265243E-03        3.83977439611402E-03        3.72283268246864E-03 
596           8.67882361225749E-03        2.74854512783354E-03        2.27571381420448E-03 
597           1.05546115354662E-02        6.05258016603433E-03        5.15929589868409E-03 
598           1.15255859832519E-02        7.14809220902077E-03        5.77692640161507E-03 
599           7.71119241683437E-03        7.58412495182654E-03        5.12136696901697E-03 
600           2.92979232860803E-03        1.43218178788931E-03        1.37728892725281E-03 
601           5.08338733984679E-03        2.94211653508994E-03        1.55438342321247E-03 
602           1.54405913110568E-02        3.67114693131354E-03        3.10875249778978E-03 
603           1.14739854341986E-02        5.29857501457534E-03        4.84190540502423E-03 
604           2.63889410906016E-03        2.31228097163583E-03        2.18492602409791E-03 
605           1.02218981950279E-02        5.81111730093802E-03        4.96497366296688E-03 
606           1.69778848550324E-02        9.47951355095481E-03        7.33747756762972E-03 
607           3.54385845864204E-02        0.020457756835541           1.68009772031381E-02 
608           5.88399213663409E-03        5.10972020909432E-03        1.49031912974447E-03 
609           3.29476255366502E-02        7.04006363689255E-03        4.93810438201717E-03 
610           3.53409172738281E-02        7.67238142545242E-03        5.34668277795674E-03 
611           3.15249743236506E-02        0.030596404338775           0.016342279290144 
612           4.78673796600466E-03        3.19324306268722E-03        1.35806978168747E-03 
613           1.30885324616192E-02        7.24624701352585E-03        6.28284341191687E-03 
614           9.31832200708908E-03        4.75960744947635E-03        3.46230464651572E-03 
615           1.95087805418952E-02        1.28610887344139E-02        1.05410089525109E-02 
616           1.29491559644633E-03        1.00119737043167E-03        8.07787286766463E-04 
617           9.76327309922677E-03        7.6213640480898E-03         4.77935850560803E-03 
618           6.44660631817081E-03        5.74499996344424E-03        2.92282324734073E-03 
619           2.00018210514109E-02        1.39388522255892E-02        1.07877456923855E-02 
620           5.92286578292408E-03        1.54641649602444E-03        1.40233341508951E-03 
621           2.79329144388565E-02        0.024276768020402           1.89258215512835E-02 
622           9.75048895248945E-03        5.81994219898864E-03        3.23661657691144E-03 
623           5.21289432887266E-02        3.99655121077723E-02        3.66420135171825E-02 
624           1.06770842385969E-02        8.51319932139647E-03        6.15797670669151E-03 
625           2.27282599972005E-02        1.02132399279065E-02        4.53207006215867E-03 
626           5.74589830433656E-02        1.38994985652307E-02        1.06673791378428E-02 
627           5.13011711911797E-02        0.034814844967934           3.21313483083356E-02 
628           8.68600829238329E-03        6.36796768614737E-03        6.34881543105453E-03 
629           8.21917441833269E-03        7.89830813391119E-03        7.36579763455053E-03 
630           2.35002292147058E-02        1.50477936068102E-02        1.16596428572113E-02 
631           2.50095319752546E-02        2.43395878364402E-02        1.66739670227353E-02 
632           1.89792400204942E-02        8.1735720148775E-03         5.17462529885893E-03 
633           7.00498105597451E-02        1.80299762378367E-02        1.03912439372468E-02 
634           6.28115023239811E-02        4.28390576968844E-02        2.92434666317191E-02 
635           0.158113173814354           0.107933687068187           4.20469460764175E-02 
636           6.86413781077331E-03        6.11392268712915E-03        6.09553449599927E-03 
637           3.67686833420572E-02        3.31524459431522E-02        2.94427826049556E-02 
638           3.85621567256019E-02        0.027369499873434           2.37974712503261E-02 
639           0.160690061234202           0.11493714155504            0.101017128774597 
640           1.24030064055895E-02        0.011495353698144           8.89658117537324E-03 
641           2.23328547078019E-02        9.28282040169187E-03        2.49720796315426E-03 
642           0.132901864449658           0.013095275999289           8.39699788196989E-03 
643           1.47321403158949E-02        0.010969803672564           1.01790648012587E-02 
644           1.82729776467633E-02        7.23753565451947E-03        1.90922762205094E-03 
645           0.032902325574884           0.008223830868383           4.9087355702188E-03 
646           1.74259769635176E-02        8.32861845505523E-03        5.90948656297683E-03 
647           1.49965121456064E-02        1.00509166005498E-02        8.93551235749473E-03 
648           3.23890086926864E-03        1.07676539056233E-03        6.03385388941001E-04 
649           1.00493050614514E-02        1.45831616419184E-03        1.44156284003494E-03 
650           9.02111214850054E-03        4.32730370158918E-03        1.53209561299241E-03 
651           1.34262819850389E-02        4.4786796451891E-03         3.65051769797897E-03 
652           2.42688182352546E-04        2.22033324361517E-04        1.86516466103921E-04 
653           3.84744826272637E-03        2.3291282024455E-03         0.002226275339617 
654           6.05272128030021E-03        1.68869705548799E-03        9.00185236721189E-04 
655           6.92166751291314E-03        5.07068334357274E-03        0.002367104005079 
656           3.85402083875773E-02        1.61437242673329E-02        1.46722735894682E-02 
657           6.93955034918216E-02        1.73340380795939E-02        1.04470920757284E-02 
658           1.92677380578696E-02        1.33924100794941E-02        9.73922339007257E-03 
659           3.46934932080867E-02        2.47519653184268E-02        0.018310096126208 
660           5.67801340528558E-02        1.47472219083261E-02        1.31332224905654E-02 
661           0.102238315665183           6.47269791898073E-02        3.44311759396474E-02 
662           0.02838658299606            1.60156364777887E-02        1.59010044430882E-02 
663           5.78716964123991E-02        5.11128873257834E-02        2.86313519517004E-02 
664           1.37434626344311E-03        1.32203448764688E-03        6.57406858282132E-04 
665           6.89619388670195E-03        4.10186307156818E-03        3.67345572330302E-03 
666           2.21283871850404E-03        2.08715453149369E-03        1.51948438219847E-03 
667           6.86575259581075E-03        5.64332944223355E-03        5.03250044114949E-03 
668           1.5396270838726E-03         1.0621700362843E-03         7.4608302950021E-04 
669           1.61083283657887E-02        0.011142157126262           6.08350181320711E-03 
670           5.56285503702952E-03        4.16125462985045E-03        3.82780442341867E-03 
671           9.29579072890537E-03        8.13099443620729E-03        7.49275596358187E-03 
672           1.87203746843002E-02        1.61876028504952E-02        8.90394612399001E-03 
673           5.02251121056939E-02        7.81942887559383E-03        7.39861364226426E-03 
674           0.159230284929889           4.62844145282065E-02        3.42195157081013E-02 
675           0.143606190788022           3.53257900050748E-02        3.02181625553801E-02 
676           7.24352717835956E-03        1.91759894946549E-03        1.30032696261495E-03 
677           1.19539150251529E-02        1.05011014134367E-02        9.86002512099301E-03 
678           0.020878138317827           1.54421921523135E-02        1.03943328853891E-02 
679           4.19505844697425E-02        3.01104541290391E-02        2.41008172348802E-02 
680           1.75242170179872E-02        2.45090397427618E-03        2.00055855980729E-03 
681           5.43722114028754E-02        1.03669231822866E-02        8.46508173544734E-03 
682           5.66489264089886E-02        0.010808232553685           7.81002801451426E-03 
683           0.175764058306672           2.85828323023545E-02        2.64796809353209E-02 
684           1.23364741686531E-03        1.06998219196268E-03        1.00915562450394E-03 
685           1.58262151892272E-02        1.29409537904169E-02        0.012527317684995 
686           9.4921163952501E-03         7.25179152674917E-03        5.14282757892427E-03 
687           4.04023872339795E-02        0.039824289623891           0.037543396423826 
688           2.38940415647893E-02        1.61570886932138E-02        6.60735542842285E-03 
689           3.53937218363758E-02        2.05005750499093E-02        1.83594498084433E-02 
690           4.32368942495076E-02        2.40466392358767E-02        2.38402502069884E-02 
691           7.34354140838121E-02        6.70058759814859E-02        6.62901666452522E-02 
692           1.31440947016889E-02        6.48178606071809E-03        5.55468367742872E-03 
693           5.71855165998981E-02        3.06383325681393E-02        2.46104395827563E-02 
694           3.54271953664395E-02        1.93944930860676E-02        0.01918840328616 
695           9.42649715855826E-02        8.90943529906568E-02        6.86167758959831E-02 
696           7.15292631725983E-03        5.40551369628425E-03        3.65264211974236E-03 
697           3.83161932966435E-02        2.21933123444002E-02        1.98753957250507E-02 
698           2.89683706908439E-02        1.06454712208116E-02        8.45841784402041E-03 
699           8.98798744815553E-02        8.71966356056595E-02        7.16713555210949E-02 
700           5.90156151245274E-03        2.95286071882719E-03        2.82991835369445E-03 
701           6.19073438487099E-02        3.40776245181813E-02        2.66425342786248E-02 
702           0.016159184955609           1.03951769417964E-02        6.66488066340694E-03 
703           0.109045343013173           8.24529740374865E-02        0.076922959327332 
704           5.72270169139765E-02        3.38745669890523E-03        3.31701372870768E-03 
705           1.60632224365839E-02        7.3766237910356E-03         3.19575680405906E-03 
706           8.03289876479081E-02        3.79282880983205E-02        1.14171537443767E-02 
707           1.43850990853572E-02        1.39620844650438E-02        1.09530624857507E-02 
708           4.65552516356732E-02        5.41304333915893E-03        4.39218887383687E-03 
709           2.45829889399148E-02        1.30677327413219E-02        0.011138240195846 
710           3.08553775611646E-02        2.11803030639304E-02        0.011871067012188 
711           0.019981352882674           1.79927797474493E-02        1.55846762521156E-02 
712           5.6582539606022E-04         5.41826531893997E-04        2.84030619982931E-04 
713           3.45108974683794E-03        2.40718317983775E-03        1.48315431161105E-03 
714           5.45257065691345E-03        4.78426658800042E-03        4.69194376830783E-03 
715           8.16318968733601E-03        8.11515942712636E-03        6.23076432145615E-03 
716           1.61427189208126E-03        1.1494252675576E-03         7.4933789068989E-04 
717           1.15009391125882E-02        8.9269632800825E-03         5.22432117045537E-03 
718           8.99279172141618E-03        7.35674512520309E-03        5.82568994978521E-03 
719           3.68598465344829E-02        2.19181824966869E-02        1.25554827313091E-02 
720           0.103844068130191           1.70961477727435E-02        0.014521116079638 
721           3.37487249205844E-02        2.91483018868949E-02        0.021264614106137 
722           7.66476142429825E-02        4.69267744367395E-02        2.63057799706159E-02 
723           2.77668628081268E-02        2.69088361429388E-02        2.25053517277524E-02 
724           8.44790971708381E-02        4.54729012883042E-02        3.58855139749898E-02 
725           0.117625159709135           6.27920994038744E-02        0.057795571620506 
726           6.23542794892038E-02        4.79699797149689E-02        4.78713447969461E-02 
727           7.84383905901353E-02        0.055184138652818           5.07984892712252E-02 
728           1.64141105737184E-02        5.13748559637637E-03        2.74034591639016E-03 
729           1.13132737421795E-02        8.81508635767588E-03        7.62102725378733E-03 
730           5.12981790743777E-02        2.87562644410497E-02        2.05675368436701E-02 
731           2.27876315561972E-02        2.16864070178601E-02        1.65559449167784E-02 
732           1.93935980345926E-02        1.01472973882423E-02        6.76372924744697E-03 
733           2.93767415248266E-02        2.70391649236837E-02        2.43113040604832E-02 
734           3.39761011260618E-02        3.14937289975145E-02        3.06047632997026E-02 
735           4.92964645655338E-02        4.55721650855606E-02        0.045008960423098 
736           5.72743917460333E-02        7.59213811371673E-03        7.30044902768376E-03 
737           0.026296952720787           1.60765202198034E-02        1.12927904957728E-02 
738           0.128881389638942           9.62424992626868E-02        3.15377878154219E-02 
739           8.67989465933855E-02        8.33219609816584E-02        5.64902401073215E-02 
740           4.65937919501353E-02        1.23896299526141E-02        0.005939052944633 
741           3.76338216130422E-02        2.63705441113854E-02        2.41393580953834E-02 
742           0.104847440717822           3.70344077277482E-02        2.53762126455246E-02 
743           0.071115328947288           6.58208538095142E-02        5.47959526582771E-02 
744           6.69167505509131E-03        1.95767695361057E-03        1.25325624836885E-03 
745           2.84683009099883E-02        1.05434933750938E-02        8.62906538615357E-03 
746           3.42399384801212E-02        1.90865771245444E-02        1.62518816518603E-02 
747           0.106235915222604           6.91401576264365E-02        5.83346064955839E-02 
748           6.14264101730338E-03        4.33007326512944E-03        2.31303424875785E-03 
749           3.09097331452514E-02        2.61325529740988E-02        2.40603373265461E-02 
750           0.027387018367872           1.61068899739038E-02        1.49184598619076E-02 
751           0.199929258949532           0.113367950837719           0.112254495083297 
752           0.103930034436894           6.17702023066828E-02        2.38246451202792E-02 
753           7.79295493635516E-02        3.53102538917406E-02        3.15672285457781E-02 
754           0.260450748806207           0.240437165719104           0.19089561676822 
755           0.203286584687215           0.183813055316163           0.157474992571975 
756           8.45490323737648E-02        0.072982722315114           4.75768993780484E-02 
757           0.123067590350734           0.102470755787107           9.61277195970629E-02 
758           0.284081316392212           0.21188159533252            0.163003344958053 
759           0.322946789747003           0.308149946464048           0.29675569620473 
760           5.93059292830471E-02        1.98304049548057E-02        1.94290370509328E-02 
761           9.72920255024859E-02        8.43642183418344E-02        6.77962046499246E-02 
762           0.262834811459619           0.208678257796964           0.185015717327819 
763           0.682868032995              0.513471512965747           0.372203588744851 
764           7.00711347360465E-02        0.025396581142629           2.37208116335388E-02 
765           0.128373502637879           0.127174847303407           0.124804476362981 
766           0.310544582447699           0.239873343972451           0.222886969453786 
767           0.671182102690092           0.667536690336088           0.664373179031555 
768           8.56920818990396E-03        6.06061126958026E-03        4.00767076185877E-03 
769           1.24345596538347E-02        1.09127373233482E-02        5.50655335705639E-03 
770           1.80827041961533E-03        1.78610096479288E-03        1.50444855664137E-03 
771           5.54171744991051E-03        4.78898271794942E-03        1.92307956888048E-03 
772           8.92891696039551E-03        6.44459735455823E-03        3.30814963973713E-03 
773           1.60774088679561E-02        8.5998972802782E-03         8.22739058950742E-03 
774           6.65216984249804E-03        4.43193601964273E-03        3.65463468016437E-03 
775           8.45045404080538E-03        3.47881121595457E-03        3.33544493309497E-03 
776           4.33858507748764E-03        1.06108754099688E-03        8.02674458368482E-04 
777           1.34612841635314E-02        2.90491201671099E-03        2.69637931531314E-03 
778           1.9335797407526E-03         1.09816400138177E-03        9.39932975724199E-04 
779           5.99929836069749E-03        2.91632065816764E-03        2.64952344638876E-03 
780           3.89165381889729E-03        1.82932654531673E-03        1.10855994550353E-03 
781           1.59511932972485E-02        6.18986271836839E-03        4.03475309683001E-03 
782           3.82402727236441E-03        2.41561654915879E-03        2.22914010584654E-03 
783           0.015674004172529           9.3774657956553E-03         6.67565982602829E-03 
784           1.88323067526967E-02        1.29688432265848E-02        1.09374422317847E-02 
785           3.39094536249852E-02        1.19866463504985E-02        1.08504217014459E-02 
786           2.70238270367979E-03        2.2811208787573E-03         2.05508750590676E-03 
787           4.10738673508527E-03        3.70039099628922E-03        2.49771770014076E-03 
788           2.77450731762853E-02        1.29338652344855E-02        1.18548762672794E-02 
789           4.99577818345779E-02        4.16100437263146E-02        4.05165268730375E-02 
790           8.89635354441513E-03        7.76987504091119E-03        6.49043519308129E-03 
791           1.92093931702688E-02        1.39904386363316E-02        0.011684804154201 
792           2.12952997715805E-03        1.77089677379473E-03        1.02450603658782E-03 
793           5.49454355984096E-03        4.82877856642176E-03        4.60116718187588E-03 
794           1.57660304761588E-03        1.41425711127609E-03        1.26334659567631E-03 
795           4.89171053281717E-03        2.54651165264857E-03        2.44875643147312E-03 
796           3.67133301047254E-03        2.19704674516577E-03        1.63783138038123E-03 
797           1.18111931853271E-02        1.13589990463621E-02        8.65422857206272E-03 
798           4.44265061186006E-03        4.02331663288192E-03        3.30755041221197E-03 
799           8.11557357071856E-03        7.4050874520026E-03         7.24438477716697E-03 
800           2.16836806689034E-02        1.39550980574592E-02        1.05962994492437E-02 
801           0.067277737322696           4.20058775849122E-02        1.62897349209102E-02 
802           1.66157432470146E-02        1.14324070509973E-02        9.66377860466423E-03 
803           2.99837084135665E-02        2.95821598747566E-02        2.51751206960889E-02 
804           1.38273878761096E-02        6.39056451191981E-03        4.7817769717862E-03 
805           3.06389843731768E-02        1.76525102547965E-02        1.39445872887854E-02 
806           1.10139283065227E-02        8.23094093384336E-03        7.68958550274579E-03 
807           2.78984173753044E-02        1.90530694998415E-02        0.014576232900086 
808           2.34741072720951E-02        1.41167443528291E-02        3.26898652951874E-03 
809           7.28328758872405E-02        0.060006238178775           2.72644015446806E-02 
810           2.26319843041246E-02        1.04617190726752E-02        9.93093370017234E-03 
811           7.02200317108685E-02        0.032459470256111           3.08126088271254E-02 
812           6.14856089926192E-03        4.08354132899647E-03        3.92496323703874E-03 
813           5.12809801342556E-02        3.86259672364629E-02        0.02868237796535 
814           1.45766492944206E-02        0.013690837089891           9.93753313635766E-03 
815           7.20845245113711E-02        5.98494132115779E-02        4.96714273109637E-02 
816           1.78118065823375E-02        1.60965449625993E-02        1.08848499455572E-02 
817           5.26855984575515E-02        0.030276244269034           2.74610099479629E-02 
818           1.59925223870634E-02        1.51964025213432E-02        1.18968684720266E-02 
819           4.96198395185218E-02        0.026304786556129           0.023510321169141 
820           2.77506198596049E-02        1.71598310131175E-02        1.28254256613032E-02 
821           9.90951194522073E-02        9.22502352621569E-02        6.09924769065614E-02 
822           2.58574323520838E-02        1.94739310846937E-02        1.62050239042518E-02 
823           9.15004838965617E-02        6.01785504915392E-02        6.00709274841831E-02 
824           1.05728246956486E-02        1.01748142136965E-02        9.5815156539322E-03 
825           8.81807665344274E-02        4.45312959515449E-02        4.32502218551189E-02 
826           3.79619146779967E-02        0.015692582771652           1.18127481876106E-02 
827           0.117784053606312           8.76311466783681E-02        6.67046776546598E-02 
828           1.98861806041111E-02        7.87713223422147E-03        7.64636227285977E-03 
829           0.165857157343608           0.102084133904824           0.101322947687839 
830           3.65480541500183E-02        3.23093564357445E-02        2.79214375738331E-02 
831           0.304822557992321           0.188439215675937           0.15463951970399 
832           4.01497830456686E-03        3.31005041620525E-03        1.04357658664865E-03 
833           2.58886976788286E-02        4.53992971483386E-03        4.27743386970429E-03 
834           3.84161486297969E-03        1.4450352122946E-03         1.35668553378809E-03 
835           2.47708451308568E-02        8.74144789085722E-03        4.34389975963827E-03 
836           6.17357200434617E-03        5.70656318046317E-03        1.36793030067032E-03 
837           2.53043680035525E-02        1.34878048665122E-02        9.05688116961433E-03 
838           6.06629181606253E-03        4.99090331902003E-03        2.96521125133833E-03 
839           2.48646456901319E-02        1.40900123572443E-02        0.013253424200376 
840           1.93563845143704E-03        9.39571979375591E-04        2.24188934474813E-04 
841           7.93383598061342E-03        2.7722964373434E-03         2.6879700571444E-03 
842           1.90200222635163E-03        1.0638166587554E-03         8.79359353304251E-04 
843           7.79596710709701E-03        3.78030585026458E-03        3.60433687508471E-03 
844           1.14508158837709E-02        2.27542644997583E-03        1.67759216417198E-03 
845           4.69348472585847E-02        4.30316405405896E-02        2.41380618651383E-02 
846           1.12518312954082E-02        8.33656907671267E-03        5.96930811274766E-03 
847           4.61192450031287E-02        4.22838698933524E-02        3.96134883323697E-02 
848           6.64304434353388E-03        4.83192979685158E-03        3.79549571500294E-03 
849           1.06404083221825E-02        8.48073471634563E-03        8.09197685783153E-03 
850           0.010639830068864           6.05460123327647E-03        4.99854620141597E-03 
851           2.06543629534136E-02        1.33328570692457E-02        8.88177958333608E-03 
852           1.14526812254584E-02        9.54377928423688E-03        8.6357737583958E-03 
853           4.64254082848362E-02        0.03152475476361            3.06734396887002E-02 
854           1.19587370375518E-02        8.68190490394693E-03        8.59855307816164E-03 
855           2.77757547250262E-02        2.63343737278778E-02        2.46177735586799E-02 
856           4.63916380603671E-03        4.56745669323992E-03        3.48388898368075E-03 
857           1.21277343733056E-02        1.02159177068104E-02        7.32172163314094E-03 
858           1.16309700537657E-02        7.41673258498556E-03        5.81305773931223E-03 
859           2.73741578687827E-02        1.98303735937257E-02        1.74405681588403E-02 
860           1.03990489045936E-02        9.16303781091435E-03        7.62335770295346E-03 
861           4.84434383663342E-02        3.81079205264343E-02        3.76513101505863E-02 
862           0.0264296319171             1.76728956191891E-02        1.71396830472182E-02 
863           0.132184238695378           0.127649963853269           0.101598669292873 
864           8.71202870658793E-03        7.10197215997921E-03        4.94622286030588E-03 
865           5.61754162152223E-02        4.22019316442523E-02        2.97346318242383E-02 
866           1.65768821543641E-02        8.54638450063374E-03        8.33585051452588E-03 
867           5.43822124707769E-02        5.37498082171454E-02        5.21666074939419E-02 
868           1.22438778087478E-02        6.16627275101529E-03        5.70498500986733E-03 
869           4.33751611090692E-02        3.97170900691471E-02        2.71302162473631E-02 
870           1.47340613627892E-02        1.24030335945382E-02        7.73345467864076E-03 
871           5.98752005141515E-02        4.28891604078257E-02        4.26551755705975E-02 
872           3.45996000889094E-03        3.08935584476336E-03        2.89462308460862E-03 
873           0.032189830327793           2.41420897231076E-02        1.91083249181052E-02 
874           6.9731503019676E-03         6.00248902316548E-03        0.005393326754875 
875           5.88725699592261E-02        3.98580891180264E-02        3.63640654853843E-02 
876           1.08974587400645E-02        1.04391297725967E-02        9.62352710114849E-03 
877           0.117732572464827           0.115601861463491           0.113653185707694 
878           2.51860880942991E-02        1.59896950761943E-02        1.58426856015112E-02 
879           0.21984726443808            0.212101765653854           0.176101135895568 
880           1.88314827615795E-02        1.54143718019887E-02        1.46914450508917E-02 
881           5.42241386669114E-02        5.01817823568626E-02        4.73782044304106E-02 
882           4.32822615166721E-02        3.54195048482204E-02        3.43625526791875E-02 
883           0.130297557441886           0.122392203397362           0.11333214874118 
884           4.28749571886504E-02        2.45726236742849E-02        2.12212004130572E-02 
885           0.125985302982285           0.123721545136993           0.102925987403117 
886           7.82356364804444E-02        5.80099746688897E-02        5.76220473982438E-02 
887           0.279416710555255           0.263927019183923           0.241103090612381 
888           4.52798825246911E-02        2.85577569628736E-02        2.59130817538902E-02 
889           0.212809264420578           0.167121928464843           0.129655406462117 
890           0.109228316839457           0.102203644502562           7.51897257264815E-02 
891           0.480615276621711           0.403146970132031           0.377219842743398 
892           6.50194476286896E-02        5.42053534741654E-02        3.83415204859775E-02 
893           0.551044210239542           0.524674289692308           0.508780595919272 
894           0.178477662157946           0.164794947731898           0.152869159989293 
895           3.00883439905976            2.7332753452202             2.09812960233091 
896           2.78399952001853E-02        1.92349743520895E-02        2.94622232329766E-03 
897           3.46344969490559E-02        8.64331073294288E-03        5.22781520392278E-03 
898           1.51864721011566E-02        8.76708574400687E-03        4.79322851518941E-03 
899           1.57860164385091E-02        1.02140758844305E-02        3.85206933314897E-03 
900           2.83383112834159E-02        3.58343230155818E-03        3.04547686506736E-03 
901           0.051025966435991           2.38998071415308E-02        1.28836730385525E-02 
902           0.017203840878182           1.29162855732399E-02        7.20572043905662E-03 
903           2.32570665255583E-02        1.55589047015532E-02        1.04242028300435E-02 
904           3.01576734600891E-03        2.60776171765998E-03        8.67152938160882E-04 
905           9.3569909292255E-03         5.65947765534984E-03        2.85416364117781E-03 
906           4.02918864387279E-03        2.99058598721137E-03        2.54989552360638E-03 
907           0.012501323372262           4.17013560228101E-03        3.79387001470217E-03 
908           1.20080744071166E-03        8.71687728810072E-04        7.22810974595722E-04 
909           0.011181318407179           9.14399889627149E-03        8.69051099691684E-03 
910           7.32408088840881E-03        2.74381076237859E-03        2.41463546420141E-03 
911           0.011246390081523           8.61253263320729E-03        8.53949400218115E-03 
912           5.97693732968768E-02        3.55340111346511E-02        2.21614148648811E-02 
913           0.107620740179089           9.72685871069704E-02        3.10788717126656E-02 
914           2.98810190968432E-02        2.19168222883322E-02        2.13189624091722E-02 
915           5.38037692838378E-02        4.16611312679281E-02        2.83958776255416E-02 
916           8.80564265227415E-02        8.27528722499176E-02        2.54290614670606E-02 
917           0.363210337059691           0.158554411350975           0.132060631095161 
918           4.40228129556158E-02        3.97887405772604E-02        3.82824787915403E-02 
919           0.155566708486298           0.107454070065869           0.096729374273856 
920           3.32845725171784E-03        2.58093460901871E-03        2.13394783435729E-03 
921           2.70739881223659E-02        1.47128493062686E-02        1.40829436929602E-02 
922           5.35426819670225E-03        4.7406252245006E-03         4.59894910792286E-03 
923           1.97572549261884E-02        1.24778712358361E-02        1.20660827772398E-02 
924           6.97291696256185E-03        6.63065076501572E-03        6.0392365983227E-03 
925           5.64263603753815E-02        5.55074939232243E-02        4.68134556116542E-02 
926           2.06258869872607E-02        0.015032145056251           0.013333198933588 
927           5.21159863493971E-02        5.13276296124732E-02        5.13263450234136E-02 
928           0.045337895208978           1.98482462878326E-02        1.50724106902684E-02 
929           4.67650166373232E-02        3.33779503875408E-02        2.91984529341051E-02 
930           7.25572203262445E-02        4.52489872724839E-02        4.30958052093416E-02 
931           0.133712924493937           7.65989025951336E-02        0.052993846775922 
932           8.27221408704233E-03        6.01535648303756E-03        5.14141577515773E-03 
933           4.69302572874063E-02        2.57946392931467E-02        2.26047385191198E-02 
934           4.27537467123444E-02        2.02787825553485E-02        1.98135955810945E-02 
935           6.71658946170578E-02        6.60772177511343E-02        5.50793085399013E-02 
936           1.63169431792931E-02        1.37445671155941E-02        9.81260526543374E-03 
937           5.06264150394053E-02        4.26451311444788E-02        0.041710575327796 
938           5.27462888474545E-02        0.033487740298965           2.87127934172799E-02 
939           0.163655383713918           0.122049866318014           0.103902080785709 
940           4.99234286876304E-03        4.84321584632419E-03        4.2738891876898E-03 
941           5.08053043417826E-02        0.037833930853546           3.56456136843729E-02 
942           0.035863956746704           2.15685516228062E-02        2.04405044998757E-02 
943           0.152756230291128           0.130117242505468           0.102183311717263 
944           5.78677281225517E-02        3.53631482455441E-02        2.91390486232999E-02 
945           0.138953344460365           7.80681062702171E-02        7.36156821594907E-02 
946           0.10471317453015            6.26901068724422E-02        0.049370697607142 
947           0.216487645924561           0.133462072865839           0.129327400035121 
948           5.44613249624027E-02        4.29296900179568E-02        3.51590081941593E-02 
949           0.370527499352012           0.302461891367844           0.29278085761042 
950           8.59290930114978E-02        7.32763658330709E-02        0.072682350244845 
951           0.534340594346065           0.416969073166048           0.406896696410347 
952           3.03138950251137E-02        1.43400245106003E-02        1.34585349391379E-02 
953           0.150426768627835           0.101247224209381           9.97432392347426E-02 
954           6.27411941846215E-02        5.96993590187005E-02        5.59188091542222E-02 
955           0.264965946948778           0.228120113550513           0.197749880746618 
956           0.024650035142895           2.31691290756284E-02        1.56548377219176E-02 
957           0.620158104371084           0.506235582325881           0.349957547429847 
958           6.84443380911092E-02        6.66797537708557E-02        6.40621832948253E-02 
959           0.99341138530914            0.991310455882143           0.886286838438309 
960           2.63409463443115E-03        2.34888328998109E-03        2.07988803356169E-03 
961           6.15102137437227E-03        5.25235521797481E-03        4.32997005018878E-03 
962           1.90806928287359E-02        9.17905957686734E-03        7.01671825379005E-03 
963           2.38052344981648E-02        1.26343043666974E-02        9.45012303943738E-03 
964           7.07700308441585E-03        5.85236603200451E-03        5.22832836815189E-03 
965           3.01936371684618E-02        1.83061470564352E-02        1.60419699661192E-02 
966           2.32341150733751E-02        1.93736340412541E-02        1.28009506632382E-02 
967           2.99853426826062E-02        2.92348367374232E-02        2.74298218364089E-02 
968           6.68280474395617E-04        5.84030421933449E-04        5.66557260780878E-04 
969           2.90277596477323E-03        2.87770223872255E-03        2.41029674182657E-03 
970           1.22732869321101E-02        3.53431137213396E-03        2.55626238062182E-03 
971           1.06504545197373E-02        1.01499117658303E-02        1.01238041172018E-02 
972           2.77688126147784E-03        2.24061599914552E-03        2.1325405321792E-03 
973           0.029754841163158           2.47217094637584E-02        1.53562216972022E-02 
974           1.65355074822383E-02        1.49448955270503E-02        1.48056543393437E-02 
975           8.96360185179286E-02        8.02587965587933E-02        6.61808341345288E-02 
976           2.44836052540686E-02        2.14432285673956E-02        1.85801425072052E-02 
977           5.54673907637411E-02        4.38210954549788E-02        4.37815506949939E-02 
978           0.053870233128096           3.82371310520768E-02        3.60689472837196E-02 
979           9.11363843618684E-02        8.54646803781827E-02        7.23828086618797E-02 
980           7.47365475541563E-02        6.05054565836729E-02        5.62710796444662E-02 
981           0.332099421542147           0.228481008673818           0.226870632040645 
982           0.161766093288968           0.151698877642261           0.120507951290703 
983           0.54824955825597            0.493441676807569           0.408738761869983 
984           1.78389025201887E-02        0.013700168702261           1.34102305953974E-02 
985           3.92831052632632E-02        0.029059490486515           2.32797674201828E-02 
986           0.079319244423447           4.36850890023124E-02        4.34027494563209E-02 
987           0.131611463557454           0.107517708371192           8.25446824711812E-02 
988           3.52344830085552E-02        2.71533673291999E-02        2.64306393760102E-02 
989           0.161546486943756           0.144465871178481           0.142186365919833 
990           0.24296500596067            0.198486055502703           0.167659247742662 
991           0.997082990686966           0.876121356523579           0.81935139592829 
992           2.37223137338556E-02        1.12191602465225E-02        7.02467068368047E-03 
993           2.63309664149251E-02        2.06686610957703E-02        1.85383754654596E-02 
994           4.51431584172475E-02        4.38552840758693E-02        3.52702334006909E-02 
995           0.17296624753559            0.142063230241967           8.57087782907512E-02 
996           2.76775183258108E-02        1.92985495413099E-02        1.27133479579525E-02 
997           5.30209611583391E-02        0.044956884353205           4.46131649118326E-02 
998           6.92984370904717E-02        4.81459604609505E-02        4.31165554358764E-02 
999           0.152081664132681           0.111541574812723           0.10865635066593 
1000          6.70033037690794E-03        4.62611606588166E-03        3.94067617085576E-03 
1001          2.85051231262376E-02        2.64824428260382E-02        2.23752793613931E-02 
1002          3.18914197621203E-02        3.18810928940214E-02        2.86456424749348E-02 
1003          0.211698757094041           0.13287295016092            0.128835218210088 
1004          7.8563848186933E-03         7.4486208734401E-03         6.81164225099708E-03 
1005          0.103458199947818           0.102328940581048           0.086420533988303 
1006          4.69514352556497E-02        4.50897511268649E-02        4.44986834690205E-02 
1007          0.813470352475819           0.766593069542814           0.756795028863054 
1008          6.06626216551165E-02        6.06160228169807E-02        5.78679038350147E-02 
1009          0.115297679458689           0.112361616205446           0.100914888854285 
1010          0.312393975560573           0.196435756672422           0.162011493948891 
1011          0.527315667885136           0.484992710422847           0.419636256671071 
1012          0.206565768621223           0.157986242599811           0.139249511153944 
1013          1.1320697986205             1.11734581867551            0.985064883515855 
1014          0.549785164010005           0.487647054657688           0.477958326026732 
1015          2.94503069390405            2.81947017709812            2.80941234663023 
1016          6.93270331599369E-02        5.14935312334907E-02        4.89234379602978E-02 
1017          0.306737919655335           0.261971430630279           0.261298244357529 
1018          0.441402832143156           0.440026585070842           0.402744140553281 
1019          2.15925058975365            1.92885811140523            1.82482222653057 
1020          0.21117051744189            0.136918882326196           0.116798199759176 
1021          2.47122588407271            2.26485940742077            2.1556476079691 
1022          1.49848242489117            1.40088312866746            1.29858146147516 
1023          28.6095464565948            28.1639542239493            23.696447027425 
