6.11104586446241e-01
4.21137300981738e-01
1.48175838472404e-01
9.30937775844213e-02
5.28511285562306e-01
4.18664735471208e-01
5.01390139340139e-01
2.20668804934560e-02
1.03546871386257e-01
6.33455719162457e-01
2.65081894707438e-01
4.51747787861036e-01
3.29214309495508e-01
6.02490020265100e-01
6.62946576095627e-01
4.41624060478818e-01
3.71196058751641e-01
8.40838766117040e-02
5.89799898951221e-01
1.85696710453227e-01
3.45117445264532e-02
3.02195180813873e-01
2.78790488037649e-01
3.18989716618783e-02
6.97455223508857e-01
