0.2 inertia
The best solution found was: [3, 6, 6, 2, 6, 3, 0, 3, 0, 2, 1, 3, 4, 0, 7, 5, 5, 0, 3, 6, 6, 0, 1, 3, 5, 4, 7, 5, 1, 7, 4, 0, 4, 7, 7, 1, 5, 4, 6, 3, 0, 1, 6, 0, 2, 7, 0, 1, 2, 4, 0, 1, 6, 0, 2, 1, 0, 4, 3, 0, 2, 4, 0, 5, 3, 0, 4, 2, 1, 0, 4, 3, 0, 2, 4, 0, 5, 6, 0, 4, 2, 1, 0, 5, 3, 0, 1, 2, 4, 0, 1, 3, 0, 2, 1, 0, 1, 0, 7, 4, 2, 0, 0, 6, 1, 0, 0, 7, 7, 7, 1, 4, 6, 0, 7, 0, 2, 6, 2, 4, 3, 1, 1, 3, 3, 6, 0, 6, 4, 0, 0, 3, 5, 7, 7, 6, 5, 5, 3, 6, 7, 0, 1, 6, 0, 6, 6, 4, 3, 6]
The PSO ran for 59 iterations.
[41.299999999999997, 59.100000000000001, 59.100000000000001, 59.100000000000001, 59.100000000000001, 59.100000000000001, 59.100000000000001, 59.100000000000001, 59.100000000000001, 59.100000000000001, 59.899999999999999, 59.899999999999999, 59.899999999999999, 60.799999999999997, 60.799999999999997, 60.799999999999997, 62.700000000000003, 62.700000000000003, 62.700000000000003, 62.700000000000003, 62.700000000000003, 62.700000000000003, 62.700000000000003, 62.700000000000003, 62.700000000000003, 62.700000000000003, 62.700000000000003, 62.899999999999999, 62.899999999999999, 62.899999999999999, 63.399999999999999, 63.399999999999999, 63.399999999999999, 63.5, 63.5, 64.099999999999994, 65.599999999999994, 65.599999999999994, 65.599999999999994, 66.200000000000003, 66.200000000000003, 66.200000000000003, 66.200000000000003, 66.200000000000003, 66.200000000000003, 66.200000000000003, 66.200000000000003, 66.200000000000003, 66.200000000000003, 66.200000000000003, 66.200000000000003, 66.200000000000003, 66.200000000000003, 66.200000000000003, 66.200000000000003, 66.200000000000003, 66.200000000000003, 66.200000000000003, 66.200000000000003]
[7, 1, 5, 4, 6, 3, 0, 1, 6, 0, 2, 7, 0, 1, 2, 4, 0, 1, 6, 0, 2, 1, 0, 4, 3, 0, 2, 4, 0, 5, 3, 0, 4, 2, 1, 0, 4, 3, 0, 2, 4, 0, 5, 6, 0, 4, 2, 1, 0, 5, 3, 0, 1, 2, 4, 0, 1, 3, 0, 2, 1, 0, 1]
[66, 194, 192, 224, 240, 176, 184, 185, 187, 251, 250, 254, 126, 127, 125, 121, 105, 104, 106, 42, 43, 47, 45, 44, 60, 52, 53, 49, 33, 32, 0, 8, 9, 25, 29, 31, 30, 14, 6, 7, 3, 19, 18, 50, 114, 115, 99, 103, 101, 100, 68, 76, 77, 79, 75, 91, 90, 88, 80, 81, 85, 87, 86]
Available nodes = 42

The best solution found was: [3, 0, 7, 0, 5, 0, 1, 5, 6, 6, 7, 7, 7, 4, 0, 2, 7, 4, 4, 0, 2, 1, 0, 6, 7, 0, 1, 2, 4, 0, 1, 6, 0, 2, 1, 0, 4, 3, 0, 2, 4, 0, 5, 3, 0, 4, 2, 1, 0, 4, 3, 0, 2, 4, 0, 5, 6, 0, 4, 2, 1, 0, 5, 3, 0, 1, 2, 4, 0, 1, 3, 0, 2, 1, 0, 1, 4, 6, 7, 1, 0, 5, 1, 0, 7, 7, 7, 2, 4, 0, 2, 0, 3, 7, 5, 4, 0, 3, 2, 5, 7, 1, 7, 0, 7, 0, 0, 7, 0, 0, 5, 0, 6, 0, 0, 2, 7, 5, 0, 1, 4, 0, 7, 7, 2, 6, 0, 5, 3, 7, 0, 1, 1, 5, 5, 1, 3, 0, 2, 3, 0, 1, 3, 2, 7, 5, 7, 2, 6, 6]
The PSO ran for 49 iterations.
[37.600000000000001, 59.0, 59.0, 59.0, 59.0, 59.0, 59.0, 59.0, 59.0, 59.0, 59.0, 59.0, 59.799999999999997, 59.899999999999999, 60.200000000000003, 60.200000000000003, 60.200000000000003, 60.200000000000003, 61.0, 62.0, 62.0, 62.0, 62.899999999999999, 62.899999999999999, 62.899999999999999, 62.899999999999999, 62.899999999999999, 62.899999999999999, 62.899999999999999, 63.0, 63.0, 63.0, 63.0, 63.0, 63.0, 63.0, 63.0, 63.0, 63.0, 63.0, 63.0, 63.0, 63.0, 63.0, 63.0, 63.0, 63.0, 63.0, 63.0]
[4, 0, 2, 1, 0, 6, 7, 0, 1, 2, 4, 0, 1, 6, 0, 2, 1, 0, 4, 3, 0, 2, 4, 0, 5, 3, 0, 4, 2, 1, 0, 4, 3, 0, 2, 4, 0, 5, 6, 0, 4, 2, 1, 0, 5, 3, 0, 1, 2, 4, 0, 1, 3, 0, 2, 1, 0, 1]
[142, 158, 159, 155, 153, 152, 216, 88, 89, 91, 95, 79, 78, 76, 12, 13, 9, 11, 10, 26, 18, 19, 23, 7, 6, 38, 46, 47, 63, 59, 57, 56, 40, 32, 33, 37, 53, 52, 20, 84, 85, 69, 65, 67, 66, 98, 106, 107, 105, 109, 125, 124, 126, 118, 119, 115, 113, 112]
Available nodes = 60

c1 = 5

The best solution found was: [5, 6, 2, 3, 5, 5, 4, 7, 2, 7, 7, 5, 4, 7, 0, 4, 6, 3, 3, 7, 5, 6, 7, 3, 4, 0, 0, 6, 0, 7, 3, 3, 4, 3, 1, 6, 1, 0, 3, 4, 5, 3, 4, 6, 5, 1, 3, 4, 0, 0, 4, 5, 0, 7, 6, 1, 2, 7, 0, 5, 5, 3, 4, 7, 3, 6, 7, 7, 7, 7, 1, 5, 2, 2, 0, 4, 1, 2, 6, 0, 2, 4, 3, 0, 5, 1, 3, 2, 6, 3, 5, 1, 7, 0, 1, 2, 4, 0, 1, 6, 0, 2, 1, 0, 4, 3, 0, 2, 4, 0, 5, 3, 0, 4, 2, 1, 0, 4, 3, 0, 2, 4, 0, 5, 6, 0, 4, 2, 1, 0, 5, 3, 0, 1, 2, 4, 0, 1, 3, 0, 2, 1, 0, 4, 0, 7, 4, 7, 0, 5]
The PSO ran for 38 iterations.
[36.399999999999999, 58.399999999999999, 58.399999999999999, 58.399999999999999, 58.399999999999999, 59.799999999999997, 60.5, 61.100000000000001, 64.200000000000003, 64.799999999999997, 65.700000000000003, 66.599999999999994, 66.599999999999994, 66.599999999999994, 67.099999999999994, 69.400000000000006, 69.400000000000006, 71.900000000000006, 72.799999999999997, 72.799999999999997, 72.799999999999997, 72.799999999999997, 72.799999999999997, 72.799999999999997, 72.799999999999997, 72.799999999999997, 72.799999999999997, 72.799999999999997, 72.799999999999997, 72.799999999999997, 72.799999999999997, 72.799999999999997, 72.799999999999997, 72.799999999999997, 72.799999999999997, 72.799999999999997, 72.799999999999997, 72.799999999999997]
[2, 0, 4, 1, 2, 6, 0, 2, 4, 3, 0, 5, 1, 3, 2, 6, 3, 5, 1, 7, 0, 1, 2, 4, 0, 1, 6, 0, 2, 1, 0, 4, 3, 0, 2, 4, 0, 5, 3, 0, 4, 2, 1, 0, 4, 3, 0, 2, 4, 0, 5, 6, 0, 4, 2, 1, 0, 5, 3, 0, 1, 2, 4, 0, 1, 3, 0, 2, 1, 0, 4]
[35, 39, 38, 54, 52, 48, 112, 113, 117, 101, 109, 108, 76, 78, 70, 66, 2, 10, 42, 40, 168, 169, 171, 175, 191, 190, 188, 252, 253, 249, 251, 250, 234, 226, 227, 231, 247, 246, 214, 222, 223, 207, 203, 201, 200, 216, 208, 209, 213, 197, 196, 228, 164, 165, 181, 177, 179, 178, 146, 154, 155, 153, 157, 141, 140, 142, 134, 135, 131, 129, 128]
Available nodes = 28

c1 = 7

The best solution found was: [3, 6, 2, 0, 4, 3, 3, 0, 2, 7, 4, 5, 1, 6, 3, 3, 3, 0, 5, 3, 4, 4, 7, 0, 3, 6, 0, 1, 0, 6, 5, 5, 7, 1, 0, 0, 4, 2, 0, 5, 7, 1, 5, 0, 2, 4, 0, 3, 2, 7, 5, 1, 7, 0, 1, 2, 4, 0, 1, 6, 0, 2, 1, 0, 4, 3, 0, 2, 4, 0, 5, 3, 0, 4, 2, 1, 0, 4, 3, 0, 2, 4, 0, 5, 7, 0, 4, 2, 1, 0, 5, 3, 0, 1, 2, 4, 0, 1, 3, 0, 2, 1, 0, 1, 1, 7, 0, 1, 7, 7, 5, 6, 1, 7, 6, 6, 2, 5, 3, 7, 0, 0, 3, 6, 4, 3, 3, 6, 4, 1, 3, 1, 6, 5, 2, 7, 7, 6, 2, 4, 2, 5, 5, 7, 4, 7, 1, 4, 0, 7]
The PSO ran for 53 iterations.
[36.700000000000003, 58.399999999999999, 58.399999999999999, 58.399999999999999, 58.399999999999999, 59.0, 60.5, 61.399999999999999, 62.299999999999997, 63.200000000000003, 64.099999999999994, 64.099999999999994, 65.200000000000003, 65.200000000000003, 65.200000000000003, 65.299999999999997, 65.299999999999997, 66.099999999999994, 66.099999999999994, 67.900000000000006, 67.900000000000006, 68.299999999999997, 68.299999999999997, 68.299999999999997, 69.200000000000003, 69.200000000000003, 69.200000000000003, 69.200000000000003, 69.200000000000003, 69.700000000000003, 70.099999999999994, 70.099999999999994, 70.099999999999994, 71.099999999999994, 71.099999999999994, 71.099999999999994, 71.099999999999994, 71.099999999999994, 71.099999999999994, 71.099999999999994, 71.099999999999994, 71.099999999999994, 71.099999999999994, 71.099999999999994, 71.099999999999994, 71.099999999999994, 71.099999999999994, 71.099999999999994, 71.099999999999994, 71.099999999999994, 71.099999999999994, 71.099999999999994, 71.099999999999994]
[0, 4, 2, 0, 5, 7, 1, 5, 0, 2, 4, 0, 3, 2, 7, 5, 1, 7, 0, 1, 2, 4, 0, 1, 6, 0, 2, 1, 0, 4, 3, 0, 2, 4, 0, 5, 3, 0, 4, 2, 1, 0, 4, 3, 0, 2, 4, 0, 5, 7, 0, 4, 2, 1, 0, 5, 3, 0, 1, 2, 4, 0, 1, 3, 0, 2, 1, 0, 1]
[131, 130, 146, 150, 151, 183, 55, 53, 21, 20, 16, 0, 1, 9, 13, 141, 173, 175, 47, 46, 44, 40, 56, 57, 59, 123, 122, 126, 124, 125, 109, 101, 100, 96, 112, 113, 81, 89, 88, 72, 76, 78, 79, 95, 87, 86, 82, 66, 67, 99, 227, 226, 242, 246, 244, 245, 213, 221, 220, 222, 218, 202, 203, 201, 193, 192, 196, 198, 199]
Available nodes = 31

c1 = 9

The best solution found was: [3, 2, 5, 7, 3, 7, 4, 0, 0, 5, 5, 0, 7, 6, 0, 0, 7, 2, 3, 5, 0, 0, 6, 7, 4, 6, 4, 3, 0, 7, 5, 3, 7, 0, 4, 6, 5, 4, 3, 0, 3, 2, 4, 2, 0, 4, 2, 7, 7, 7, 0, 7, 6, 6, 2, 0, 4, 2, 5, 1, 2, 4, 6, 3, 0, 1, 2, 4, 5, 7, 0, 1, 2, 4, 0, 1, 6, 0, 2, 1, 0, 4, 3, 0, 2, 4, 0, 5, 3, 0, 4, 2, 1, 0, 4, 3, 0, 2, 4, 0, 5, 6, 0, 4, 2, 1, 0, 5, 3, 0, 1, 2, 4, 0, 1, 3, 0, 2, 1, 0, 1, 4, 0, 4, 0, 5, 0, 2, 7, 3, 0, 0, 6, 3, 2, 0, 3, 7, 4, 7, 2, 1, 3, 2, 1, 6, 1, 4, 7, 6]
The PSO ran for 36 iterations.
[36.600000000000001, 59.799999999999997, 59.799999999999997, 59.799999999999997, 59.799999999999997, 59.799999999999997, 62.100000000000001, 63.100000000000001, 64.5, 67.400000000000006, 67.400000000000006, 69.099999999999994, 69.200000000000003, 70.200000000000003, 70.200000000000003, 70.200000000000003, 70.400000000000006, 70.400000000000006, 70.400000000000006, 70.400000000000006, 70.400000000000006, 70.400000000000006, 70.400000000000006, 70.400000000000006, 70.400000000000006, 70.400000000000006, 70.400000000000006, 70.400000000000006, 70.400000000000006, 70.400000000000006, 70.400000000000006, 70.400000000000006, 70.400000000000006, 70.400000000000006, 70.400000000000006, 70.400000000000006]
[6, 2, 0, 4, 2, 5, 1, 2, 4, 6, 3, 0, 1, 2, 4, 5, 7, 0, 1, 2, 4, 0, 1, 6, 0, 2, 1, 0, 4, 3, 0, 2, 4, 0, 5, 3, 0, 4, 2, 1, 0, 4, 3, 0, 2, 4, 0, 5, 6, 0, 4, 2, 1, 0, 5, 3, 0, 1, 2, 4, 0, 1, 3, 0, 2, 1, 0, 1]
[220, 156, 152, 153, 137, 141, 173, 175, 171, 187, 251, 243, 242, 240, 244, 228, 196, 68, 69, 71, 67, 83, 82, 80, 16, 17, 21, 23, 22, 6, 14, 15, 11, 27, 26, 58, 50, 51, 35, 39, 37, 36, 52, 60, 61, 57, 41, 40, 8, 72, 73, 89, 93, 95, 94, 126, 118, 119, 117, 113, 97, 96, 98, 106, 107, 111, 109, 108]
Available nodes = 34

The best solution found was: [1, 6, 0, 4, 1, 0, 5, 4, 2, 0, 3, 1, 5, 0, 6, 4, 2, 0, 4, 7, 0, 1, 2, 4, 0, 1, 6, 0, 2, 1, 0, 4, 3, 0, 2, 4, 0, 5, 3, 0, 4, 2, 1, 0, 4, 3, 0, 2, 4, 0, 5, 6, 0, 4, 2, 1, 0, 5, 3, 0, 1, 2, 4, 0, 1, 3, 0, 2, 1, 0, 1, 0, 1, 6, 1, 3, 7, 5, 6, 3, 6, 6, 0, 7, 7, 7, 1, 5, 1, 0, 1, 7, 5, 7, 7, 7, 0, 6, 2, 0, 7, 7, 5, 1, 0, 2, 2, 0, 1, 5, 7, 7, 6, 0, 7, 3, 0, 3, 7, 1, 1, 5, 2, 2, 3, 2, 0, 2, 4, 5, 6, 1, 0, 7, 2, 2, 1, 7, 1, 4, 4, 7, 1, 0, 2, 4, 1, 7, 5, 0]
The PSO ran for 70 iterations.
[36.799999999999997, 60.600000000000001, 60.600000000000001, 60.600000000000001, 60.600000000000001, 60.600000000000001, 60.600000000000001, 60.600000000000001, 60.600000000000001, 60.600000000000001, 60.600000000000001, 60.600000000000001, 61.5, 64.200000000000003, 65.0, 65.0, 65.0, 65.0, 67.099999999999994, 67.900000000000006, 68.799999999999997, 68.799999999999997, 68.900000000000006, 69.700000000000003, 69.700000000000003, 69.700000000000003, 69.700000000000003, 69.700000000000003, 70.5, 71.400000000000006, 71.400000000000006, 71.400000000000006, 71.400000000000006, 71.400000000000006, 71.400000000000006, 71.400000000000006, 71.400000000000006, 71.400000000000006, 71.5, 71.5, 71.5, 71.5, 71.5, 71.5, 71.5, 71.5, 71.5, 71.5, 72.299999999999997, 72.299999999999997, 73.099999999999994, 73.099999999999994, 73.099999999999994, 73.099999999999994, 73.099999999999994, 73.099999999999994, 73.099999999999994, 73.099999999999994, 73.099999999999994, 73.099999999999994, 73.099999999999994, 73.099999999999994, 73.099999999999994, 73.099999999999994, 73.099999999999994, 73.099999999999994, 73.099999999999994, 73.099999999999994, 73.099999999999994, 73.099999999999994]
[1, 6, 0, 4, 1, 0, 5, 4, 2, 0, 3, 1, 5, 0, 6, 4, 2, 0, 4, 7, 0, 1, 2, 4, 0, 1, 6, 0, 2, 1, 0, 4, 3, 0, 2, 4, 0, 5, 3, 0, 4, 2, 1, 0, 4, 3, 0, 2, 4, 0, 5, 6, 0, 4, 2, 1, 0, 5, 3, 0, 1, 2, 4, 0, 1, 3, 0, 2, 1, 0, 1]
[0, 2, 66, 67, 83, 81, 80, 112, 96, 100, 101, 109, 111, 79, 78, 14, 30, 26, 27, 11, 139, 138, 136, 140, 156, 157, 159, 223, 222, 218, 216, 217, 201, 193, 192, 196, 212, 213, 245, 253, 252, 236, 232, 234, 235, 251, 243, 242, 246, 230, 231, 199, 135, 134, 150, 146, 144, 145, 177, 185, 184, 186, 190, 174, 175, 173, 165, 164, 160, 162, 163]
Available nodes = 31

The best solution found was: [7, 4, 6, 4, 1, 1, 7, 4, 7, 7, 1, 2, 2, 6, 0, 6, 2, 3, 1, 5, 7, 0, 6, 0, 7, 6, 0, 2, 7, 0, 1, 2, 4, 0, 1, 6, 0, 2, 1, 0, 4, 3, 0, 2, 4, 0, 5, 3, 0, 4, 2, 1, 0, 4, 3, 0, 2, 4, 0, 5, 6, 0, 4, 2, 1, 0, 5, 3, 0, 1, 2, 4, 0, 1, 3, 0, 2, 1, 0, 7, 1, 5, 0, 2, 7, 7, 5, 7, 1, 0, 7, 3, 5, 4, 6, 5, 3, 2, 0, 4, 0, 6, 7, 0, 0, 0, 5, 0, 6, 2, 0, 3, 4, 1, 1, 4, 2, 5, 7, 6, 0, 1, 0, 0, 7, 7, 4, 1, 5, 2, 4, 1, 6, 1, 7, 1, 1, 5, 0, 6, 7, 7, 0, 5, 4, 7, 1, 3, 2, 6]
The PSO ran for 57 iterations.
[37.600000000000001, 59.100000000000001, 59.100000000000001, 59.100000000000001, 59.100000000000001, 59.100000000000001, 59.100000000000001, 59.100000000000001, 59.100000000000001, 59.100000000000001, 59.100000000000001, 60.5, 60.5, 60.5, 60.5, 60.5, 60.5, 60.5, 60.5, 61.100000000000001, 61.100000000000001, 61.899999999999999, 61.899999999999999, 61.899999999999999, 61.899999999999999, 61.899999999999999, 61.899999999999999, 62.399999999999999, 62.399999999999999, 62.399999999999999, 63.200000000000003, 63.200000000000003, 63.200000000000003, 63.200000000000003, 63.200000000000003, 64.0, 64.0, 64.299999999999997, 64.299999999999997, 64.299999999999997, 64.299999999999997, 64.299999999999997, 64.299999999999997, 64.299999999999997, 64.299999999999997, 64.299999999999997, 64.299999999999997, 64.299999999999997, 64.299999999999997, 64.299999999999997, 64.299999999999997, 64.299999999999997, 64.299999999999997, 64.299999999999997, 64.299999999999997, 64.299999999999997, 64.299999999999997]
[6, 0, 2, 7, 0, 1, 2, 4, 0, 1, 6, 0, 2, 1, 0, 4, 3, 0, 2, 4, 0, 5, 3, 0, 4, 2, 1, 0, 4, 3, 0, 2, 4, 0, 5, 6, 0, 4, 2, 1, 0, 5, 3, 0, 1, 2, 4, 0, 1, 3, 0, 2, 1, 0, 7, 1, 5, 0, 2, 7]
[61, 125, 124, 120, 248, 249, 251, 255, 239, 238, 236, 172, 173, 169, 171, 170, 186, 178, 179, 183, 167, 166, 134, 142, 143, 159, 155, 153, 152, 136, 128, 129, 133, 149, 148, 180, 244, 245, 229, 225, 227, 226, 194, 202, 203, 201, 205, 221, 220, 222, 214, 215, 211, 209, 208, 80, 82, 114, 115, 119]
Available nodes = 53

The best solution found was: [3, 0, 2, 4, 3, 1, 0, 6, 1, 2, 7, 0, 1, 2, 4, 0, 1, 6, 0, 2, 1, 0, 4, 3, 0, 2, 4, 0, 5, 3, 0, 4, 2, 1, 0, 4, 3, 0, 2, 4, 0, 5, 6, 0, 4, 2, 1, 0, 5, 3, 0, 1, 2, 4, 0, 1, 3, 0, 2, 1, 0, 1, 0, 6, 3, 7, 0, 2, 0, 4, 2, 6, 2, 7, 2, 6, 4, 1, 5, 2, 5, 5, 3, 2, 0, 0, 5, 1, 7, 1, 6, 3, 5, 2, 6, 6, 4, 5, 3, 2, 2, 1, 4, 4, 4, 5, 3, 2, 2, 6, 0, 5, 3, 7, 3, 5, 2, 5, 0, 3, 1, 0, 7, 0, 0, 5, 4, 0, 5, 2, 7, 1, 7, 5, 2, 6, 4, 5, 5, 4, 6, 1, 5, 7, 1, 6, 6, 1, 7, 2]
The PSO ran for 50 iterations.
[39.299999999999997, 59.100000000000001, 59.100000000000001, 59.100000000000001, 59.100000000000001, 59.899999999999999, 62.0, 62.200000000000003, 62.399999999999999, 62.399999999999999, 62.399999999999999, 62.399999999999999, 62.600000000000001, 62.600000000000001, 63.5, 64.400000000000006, 65.5, 65.799999999999997, 65.799999999999997, 65.799999999999997, 65.799999999999997, 65.799999999999997, 65.799999999999997, 65.799999999999997, 65.799999999999997, 65.799999999999997, 65.799999999999997, 65.799999999999997, 65.799999999999997, 65.799999999999997, 65.900000000000006, 65.900000000000006, 65.900000000000006, 65.900000000000006, 65.900000000000006, 65.900000000000006, 65.900000000000006, 65.900000000000006, 65.900000000000006, 65.900000000000006, 65.900000000000006, 65.900000000000006, 65.900000000000006, 65.900000000000006, 65.900000000000006, 65.900000000000006, 65.900000000000006, 65.900000000000006, 65.900000000000006, 65.900000000000006]
[3, 0, 2, 4, 3, 1, 0, 6, 1, 2, 7, 0, 1, 2, 4, 0, 1, 6, 0, 2, 1, 0, 4, 3, 0, 2, 4, 0, 5, 3, 0, 4, 2, 1, 0, 4, 3, 0, 2, 4, 0, 5, 6, 0, 4, 2, 1, 0, 5, 3, 0, 1, 2, 4, 0, 1, 3, 0, 2, 1, 0, 1]
[0, 8, 9, 13, 29, 21, 23, 22, 86, 84, 80, 208, 209, 211, 215, 199, 198, 196, 132, 133, 129, 131, 130, 146, 154, 155, 159, 143, 142, 174, 166, 167, 183, 179, 177, 176, 160, 168, 169, 173, 189, 188, 156, 220, 221, 205, 201, 203, 202, 234, 226, 227, 225, 229, 245, 244, 246, 254, 255, 251, 249, 248]
Available nodes = 49

The best solution found was: [4, 6, 2, 6, 5, 2, 4, 6, 7, 3, 5, 5, 6, 1, 5, 5, 6, 2, 4, 4, 4, 3, 7, 3, 2, 2, 2, 2, 6, 3, 4, 1, 0, 5, 3, 7, 0, 1, 4, 6, 2, 6, 2, 3, 3, 2, 0, 1, 6, 5, 0, 1, 2, 0, 4, 2, 5, 0, 1, 3, 4, 6, 7, 0, 1, 2, 4, 0, 1, 6, 0, 2, 1, 0, 4, 3, 0, 2, 4, 0, 5, 3, 0, 4, 2, 1, 0, 4, 3, 0, 2, 4, 0, 5, 6, 0, 4, 2, 1, 0, 5, 3, 0, 1, 2, 4, 0, 1, 3, 0, 2, 1, 0, 1, 0, 5, 4, 2, 0, 3, 0, 0, 7, 0, 4, 4, 1, 2, 7, 4, 5, 0, 3, 7, 5, 7, 6, 2, 7, 7, 2, 1, 3, 1, 5, 4, 4, 1, 3, 1]
The PSO ran for 56 iterations.
[36.600000000000001, 59.0, 59.0, 59.0, 59.0, 59.0, 60.200000000000003, 61.100000000000001, 62.899999999999999, 63.100000000000001, 63.600000000000001, 64.099999999999994, 64.099999999999994, 64.299999999999997, 64.400000000000006, 64.400000000000006, 64.5, 64.5, 64.5, 64.5, 65.200000000000003, 65.900000000000006, 69.700000000000003, 69.700000000000003, 69.799999999999997, 69.799999999999997, 69.799999999999997, 70.0, 70.099999999999994, 70.900000000000006, 71.799999999999997, 71.799999999999997, 71.799999999999997, 72.5, 72.5, 72.5, 72.599999999999994, 72.599999999999994, 72.599999999999994, 72.599999999999994, 72.599999999999994, 72.599999999999994, 72.599999999999994, 72.599999999999994, 72.599999999999994, 72.599999999999994, 72.599999999999994, 72.599999999999994, 72.599999999999994, 72.599999999999994, 72.599999999999994, 72.599999999999994, 72.599999999999994, 72.599999999999994, 72.599999999999994, 72.599999999999994]
[3, 2, 0, 1, 6, 5, 0, 1, 2, 0, 4, 2, 5, 0, 1, 3, 4, 6, 7, 0, 1, 2, 4, 0, 1, 6, 0, 2, 1, 0, 4, 3, 0, 2, 4, 0, 5, 3, 0, 4, 2, 1, 0, 4, 3, 0, 2, 4, 0, 5, 6, 0, 4, 2, 1, 0, 5, 3, 0, 1, 2, 4, 0, 1, 3, 0, 2, 1, 0, 1]
[150, 158, 154, 155, 153, 217, 249, 248, 250, 254, 255, 239, 235, 203, 202, 200, 192, 208, 144, 16, 17, 19, 23, 7, 6, 4, 68, 69, 65, 67, 66, 82, 90, 91, 95, 79, 78, 110, 102, 103, 119, 115, 113, 112, 96, 104, 105, 109, 125, 124, 92, 28, 29, 13, 9, 11, 10, 42, 34, 35, 33, 37, 53, 52, 54, 62, 63, 59, 57, 56]
Available nodes = 36

The best solution found was: [5, 1, 0, 1, 1, 2, 4, 2, 7, 3, 4, 4, 2, 1, 3, 3, 2, 2, 4, 1, 2, 4, 6, 0, 1, 4, 4, 0, 2, 5, 6, 1, 4, 6, 4, 0, 2, 3, 0, 1, 1, 0, 3, 3, 5, 0, 7, 1, 3, 1, 6, 7, 2, 2, 2, 3, 5, 6, 5, 6, 3, 6, 5, 5, 0, 2, 5, 3, 3, 0, 7, 3, 4, 0, 5, 6, 6, 4, 2, 0, 5, 2, 0, 3, 5, 0, 2, 4, 3, 2, 0, 6, 2, 7, 0, 1, 2, 4, 0, 1, 6, 0, 2, 1, 0, 4, 3, 0, 2, 4, 0, 5, 3, 0, 4, 2, 1, 0, 4, 3, 0, 2, 4, 0, 5, 6, 0, 4, 2, 1, 0, 5, 3, 0, 1, 2, 4, 0, 1, 3, 0, 2, 1, 0, 1, 0, 5, 4, 3, 4]
The PSO ran for 54 iterations.
[36.399999999999999, 59.100000000000001, 59.100000000000001, 59.100000000000001, 59.100000000000001, 59.100000000000001, 59.100000000000001, 61.299999999999997, 62.799999999999997, 62.799999999999997, 62.799999999999997, 62.799999999999997, 62.799999999999997, 62.799999999999997, 62.799999999999997, 64.0, 64.0, 64.200000000000003, 64.200000000000003, 64.200000000000003, 64.200000000000003, 64.200000000000003, 64.200000000000003, 64.200000000000003, 64.200000000000003, 64.900000000000006, 64.900000000000006, 64.900000000000006, 64.900000000000006, 66.0, 66.700000000000003, 66.700000000000003, 66.700000000000003, 66.700000000000003, 67.599999999999994, 67.599999999999994, 67.599999999999994, 67.599999999999994, 67.599999999999994, 67.599999999999994, 67.599999999999994, 67.599999999999994, 67.599999999999994, 67.599999999999994, 67.599999999999994, 67.599999999999994, 67.599999999999994, 67.599999999999994, 67.599999999999994, 67.599999999999994, 67.599999999999994, 67.599999999999994, 67.599999999999994, 67.599999999999994]
[2, 0, 3, 5, 0, 2, 4, 3, 2, 0, 6, 2, 7, 0, 1, 2, 4, 0, 1, 6, 0, 2, 1, 0, 4, 3, 0, 2, 4, 0, 5, 3, 0, 4, 2, 1, 0, 4, 3, 0, 2, 4, 0, 5, 6, 0, 4, 2, 1, 0, 5, 3, 0, 1, 2, 4, 0, 1, 3, 0, 2, 1, 0, 1]
[87, 83, 82, 90, 122, 123, 127, 111, 103, 99, 98, 34, 38, 166, 167, 165, 161, 177, 176, 178, 242, 243, 247, 245, 244, 228, 236, 237, 233, 249, 248, 216, 208, 209, 193, 197, 199, 198, 214, 222, 223, 219, 203, 202, 234, 170, 171, 187, 191, 189, 188, 156, 148, 149, 151, 147, 131, 130, 128, 136, 137, 141, 143, 142]
Available nodes = 46