0.00000000000000e+00
1.26780289284317e-01
7.44394666396265e-01
4.82358260304834e-01
7.57190046253237e-01
0.00000000000000e+00
9.82900393187488e-01
0.00000000000000e+00
4.28819183459887e-01
3.41336134514462e-01
2.48345721628678e-01
3.40234421352034e-01
0.00000000000000e+00
5.05015205827083e-01
8.44733492864637e-01
0.00000000000000e+00
5.20242556240523e-01
8.39144273120511e-01
9.44768680699528e-01
0.00000000000000e+00
0.00000000000000e+00
9.11173674702260e-01
9.68524970099574e-01
5.13269178808326e-01
0.00000000000000e+00

7.19522104002313e-01
9.04803048309313e-01
0.00000000000000e+00
4.38443555235138e-01
6.19019934264487e-01
7.70586941750062e-01
3.50699136196961e-02
2.84726902509447e-01
0.00000000000000e+00
9.00156225962637e-01
0.00000000000000e+00
6.14178016136483e-01
7.56121646964979e-01
0.00000000000000e+00
4.82162641120219e-01
3.46972852175577e-01
0.00000000000000e+00
5.30160101843141e-01
6.07970985867070e-01
0.00000000000000e+00
0.00000000000000e+00
7.07760220257454e-01
6.30313049364050e-01
5.37430321116666e-01
4.29637914723548e-01

9.65552324413113e-01
2.37316538690271e-01
0.00000000000000e+00
6.75540671998421e-01
2.24544899642721e-02
0.00000000000000e+00
9.06837512695621e-01
4.68654693322561e-02
9.85370941453320e-01
0.00000000000000e+00
0.00000000000000e+00
5.81136158938117e-01
0.00000000000000e+00
7.31418151283366e-01
4.10065655321845e-01
1.85012434695387e-01
8.10102943242575e-01
6.18346277912309e-02
7.60408343170028e-01
5.28443369794843e-01
1.06327037842165e-01
7.64641700668559e-01
0.00000000000000e+00
2.41043197103330e-01
1.38591667701766e-01

7.85265388332897e-01
2.45375910888135e-01
3.82511271341942e-03
3.92088166154962e-01
7.46347628881385e-01
0.00000000000000e+00
8.65455277201466e-01
0.00000000000000e+00
3.20064791627258e-01
4.69631124040871e-01
2.75800621265453e-01
2.26402945456283e-01
1.96849125063442e-01
3.76723100141028e-01
0.00000000000000e+00
5.04222038436784e-01
2.52534766799088e-01
0.00000000000000e+00
1.08825925788295e-01
3.88546479115517e-02
0.00000000000000e+00
0.00000000000000e+00
8.37990168872285e-01
2.33463217613037e-01
9.73794244217591e-01

0.00000000000000e+00
3.69290246800189e-01
3.91632501683958e-01
9.66710703431960e-01
4.56646601416472e-01
7.44378786880699e-01
5.00206874450765e-01
4.29575160811457e-01
4.15757700063175e-01
6.82093426902822e-01
0.00000000000000e+00
0.00000000000000e+00
8.85188230259897e-01
5.45062518001098e-01
8.44007008636374e-01
2.09436674234195e-01
5.32083535349035e-01
6.43254912292238e-01
2.22069663099046e-02
9.72272974891715e-01
2.07677119042574e-01
6.19557286435532e-01
6.84530832657838e-01
3.97688141277846e-02
5.66273215490521e-01

7.19277708660475e-01
3.70218185880323e-01
0.00000000000000e+00
5.28553715687503e-01
0.00000000000000e+00
4.74043295473812e-01
6.44709558526384e-01
9.60429711714587e-02
7.86662963585305e-02
6.67435054512431e-01
4.40727478564124e-01
8.59297226583258e-01
1.81656889702034e-01
6.82778260988546e-02
2.89860387002053e-01
2.08112415023200e-01
6.26884284721168e-01
2.95818382080560e-01
7.56532710863525e-01
0.00000000000000e+00
4.70774563248630e-01
5.60703247115343e-01
4.00896393880665e-02
0.00000000000000e+00
9.10059572621276e-01

3.50135065312560e-01
2.50992265646808e-01
0.00000000000000e+00
7.62270072830035e-01
6.49714245763474e-01
3.82709691479201e-01
0.00000000000000e+00
4.34548143499786e-01
9.68995034214573e-02
2.21095403759319e-01
2.07416989005831e-01
0.00000000000000e+00
1.42452936220194e-01
6.35634367650205e-02
5.19824117664166e-01
3.18727424051020e-01
3.36315641336290e-02
3.45351480108384e-01
0.00000000000000e+00
5.03351036693599e-02
0.00000000000000e+00
8.56470880497466e-02
0.00000000000000e+00
9.70307046068044e-01
4.89823430539027e-01

5.49077624710778e-01
7.86267574311359e-01
3.10947618592040e-01
0.00000000000000e+00
8.55403200655898e-01
3.56727854049172e-01
4.48585796844487e-01
8.58197183282206e-01
1.64926857298672e-01
6.32894281126975e-01
8.83520503008515e-01
4.77562448697892e-01
0.00000000000000e+00
0.00000000000000e+00
5.44507275589047e-02
5.81420284501007e-01
4.05555966499055e-01
0.00000000000000e+00
5.95676983518376e-01
5.81284627123403e-01
2.94128392960005e-01
0.00000000000000e+00
2.28404258484209e-02
4.42097112742298e-01
1.68690247074091e-01

7.73515516786610e-01
6.67867115544093e-01
0.00000000000000e+00
3.84918608416300e-01
4.95617590609760e-01
9.60445903223216e-01
0.00000000000000e+00
5.21981670764266e-01
5.82565936996865e-01
3.92406713400225e-04
7.29931753934329e-01
3.64876724949515e-03
0.00000000000000e+00
9.59536543562792e-01
3.08279485119637e-01
0.00000000000000e+00
9.92524155877775e-01
7.80621292433059e-02
0.00000000000000e+00
4.25848147098836e-01
0.00000000000000e+00
1.46881857489646e-01
4.88967009116414e-01
9.14247178432647e-01
5.56155216207800e-01

2.05892579725893e-01
1.13521907997095e-01
2.15750666435692e-01
2.41288747285162e-01
8.03876238318103e-01
0.00000000000000e+00
2.19172738128888e-01
0.00000000000000e+00
0.00000000000000e+00
5.60754999313855e-01
0.00000000000000e+00
4.80321025699527e-01
2.18641469822564e-01
0.00000000000000e+00
7.56257474774615e-01
9.91485939822852e-01
7.95855094583638e-01
9.47866607433123e-01
6.42933671196426e-01
9.88902985578823e-01
0.00000000000000e+00
0.00000000000000e+00
8.65736295872245e-01
7.45107082531372e-01
1.25387318956380e-01